22	16	15	16	14	8	7	11	89	44	11	6	4	4	7	32	96	35	5	4	13	18	17	44	18	10	7	18	45	33	14	13	29	18	11	13	15	11	10	17	102	64	15	8	7	6	7	24	129	80	7	5	15	12	7	29	24	11	7	32	86	44	11	9	28	15	10	11	16	17	13	23	100	20	7	6	7	10	17	73	130	23	2	5	14	7	8	91	26	6	5	33	93	43	9	12	26	10	6	7	14	19	17	29	93	15	3	2	3	6	18	80	106	20	6	9	15	6	8	71	16	6	7	28	67	27	8	9
8	2	7	102	107	11	6	8	31	13	17	87	80	8	5	18	39	17	13	18	14	10	14	31	18	12	10	13	15	12	12	15	10	4	10	126	130	7	1	3	95	19	11	64	56	6	9	41	49	13	10	17	25	19	20	34	22	14	13	17	19	12	11	18	14	6	8	102	125	18	3	5	109	42	10	23	31	7	5	23	45	27	21	26	25	13	8	13	21	16	13	16	18	11	11	17	14	6	6	49	82	24	9	10	60	23	8	10	17	12	12	28	31	22	15	14	14	9	10	18	17	12	12	14	14	8	9	15
78	48	14	8	5	5	7	29	55	42	26	19	13	11	13	28	35	35	25	17	15	15	14	21	22	18	10	8	12	15	15	17	100	84	22	10	6	4	5	22	52	69	77	66	29	9	4	10	111	81	44	18	7	5	6	26	40	19	9	10	15	15	17	22	81	82	25	11	9	6	5	18	81	49	32	35	28	21	20	38	123	34	9	6	5	6	14	75	43	20	14	17	18	11	10	18	56	38	10	7	11	13	13	25	85	45	12	8	8	8	14	41	81	38	11	8	6	6	11	42	28	21	15	16	13	7	6	14
18	12	11	16	13	11	13	18	45	21	11	10	8	9	16	35	70	24	7	4	4	8	22	59	45	17	5	4	6	11	28	53	25	15	12	13	14	16	19	24	62	34	20	17	14	17	19	28	119	54	10	5	3	6	14	55	68	24	10	10	10	12	22	56	21	11	9	9	11	20	36	38	44	12	7	9	11	27	64	69	113	32	6	3	2	7	40	94	77	26	12	8	6	7	25	76	19	7	3	4	6	20	55	49	30	7	3	3	4	17	78	90	46	7	3	2	3	10	73	112	41	8	5	7	6	8	43	84
86	50	15	9	6	4	7	33	81	40	10	6	6	8	15	47	35	19	11	10	11	13	22	34	14	9	9	11	15	16	17	18	115	80	18	7	5	4	6	33	125	60	8	4	3	5	14	57	45	17	14	21	19	19	29	38	17	15	15	17	15	13	14	18	115	38	7	4	4	5	17	90	127	51	13	7	4	4	12	76	40	32	32	35	22	13	14	20	22	20	18	17	13	11	13	18	93	20	3	2	3	5	21	93	72	22	11	10	8	9	21	72	26	17	16	16	17	17	21	27	18	13	13	15	13	11	13	16
9	5	9	14	15	33	74	46	24	8	8	7	5	24	92	82	39	8	4	3	3	15	91	107	22	7	3	3	5	20	82	76	18	7	4	6	14	43	83	56	41	19	11	20	39	52	68	47	119	45	7	5	5	8	39	81	37	13	8	10	15	24	49	47	21	16	12	12	18	34	38	29	24	9	6	14	40	69	55	30	107	32	6	4	6	15	30	58	37	27	19	13	13	11	11	17	14	14	12	11	14	18	17	15	17	14	12	13	14	21	25	23	30	19	13	9	9	13	22	30	19	17	16	11	8	9	13	17
22	17	13	13	11	7	6	12	43	21	10	7	7	8	10	23	50	21	8	8	10	10	12	28	88	23	4	3	4	3	7	48	31	19	13	14	16	11	8	14	90	30	9	7	7	8	12	31	78	20	6	11	19	20	22	42	120	18	3	3	4	3	10	91	30	14	9	12	18	18	15	19	96	40	11	9	8	8	9	28	106	25	12	15	13	8	11	71	128	10	1	2	3	2	9	117	20	9	5	7	14	19	21	23	58	19	7	7	8	11	18	49	110	15	3	3	2	3	13	100	107	9	3	5	5	2	7	98
17	8	6	28	75	22	5	7	100	30	7	13	28	9	5	29	30	9	6	28	73	23	7	13	19	13	9	20	36	14	6	10	23	7	5	36	108	30	4	6	131	28	4	13	41	12	4	35	43	6	4	36	114	37	6	13	27	15	9	21	45	17	8	15	25	6	4	36	113	33	4	7	132	35	3	14	42	10	2	28	43	12	5	43	117	31	3	7	28	13	8	19	44	18	9	16	20	7	5	28	83	26	5	9	105	31	6	12	29	10	5	31	30	13	7	32	80	22	5	9	20	10	7	18	38	15	7	14
14	11	11	15	15	14	17	17	14	21	35	36	20	13	15	15	30	38	30	18	12	14	14	17	17	12	7	8	13	18	17	16	12	12	16	33	40	20	15	13	21	39	76	112	99	36	10	9	130	111	61	32	12	8	8	33	48	20	9	13	17	18	15	19	13	12	11	20	39	33	17	13	20	7	8	31	95	117	92	41	129	30	8	8	11	34	77	114	46	19	16	18	17	13	11	20	14	15	12	12	14	14	12	12	15	15	13	11	15	35	42	23	23	14	13	12	12	22	40	37	15	12	15	17	15	11	12	13
90	35	11	10	8	5	10	51	99	32	7	7	16	21	23	62	17	8	9	27	67	57	29	20	25	15	11	15	25	23	23	28	98	33	7	6	8	11	23	61	125	46	6	4	14	21	16	60	27	7	6	27	97	86	29	21	25	17	16	19	34	31	25	30	64	17	6	6	10	17	35	60	122	55	17	13	11	8	14	46	27	22	22	48	81	42	13	10	19	12	13	23	40	30	22	21	37	19	10	8	9	13	19	29	44	33	17	13	12	11	14	24	19	21	19	26	30	17	11	12	13	11	13	23	29	18	12	13
5	4	8	38	83	28	6	4	33	17	14	24	36	18	11	17	82	24	6	6	12	14	18	50	22	10	7	16	45	33	17	17	5	3	5	28	106	56	9	5	49	20	13	27	57	32	10	12	125	39	6	7	15	12	10	44	27	8	7	27	78	45	14	14	5	3	4	25	114	69	8	4	46	9	6	20	66	47	17	19	125	46	9	9	15	10	7	40	28	17	13	35	75	37	9	9	5	4	6	25	94	56	6	2	26	14	8	18	55	42	13	13	83	55	15	11	12	9	8	23	26	26	16	25	39	20	9	12
38	21	13	14	9	6	8	21	62	25	9	7	8	11	17	41	31	15	11	13	19	23	31	35	34	13	8	8	10	16	27	43	58	29	15	12	9	8	9	22	119	34	6	3	3	9	23	67	46	10	5	9	21	44	65	64	43	9	4	5	8	17	50	85	60	26	11	10	11	13	13	24	128	73	9	2	2	3	6	36	94	32	9	8	10	19	37	73	43	8	4	6	7	12	43	87	42	17	7	7	9	12	14	28	111	41	6	2	2	4	9	59	102	37	8	3	2	3	13	70	33	16	14	16	10	7	15	41
16	50	80	43	11	5	5	7	72	88	54	15	4	3	6	21	55	38	15	10	10	11	12	30	10	11	14	24	28	22	12	8	33	39	55	45	29	23	17	14	128	82	23	6	2	2	7	58	84	29	25	34	17	7	9	35	8	17	34	46	35	14	7	5	25	8	8	11	21	62	85	44	123	51	12	7	4	14	42	81	50	44	45	50	24	9	6	11	7	18	38	53	33	12	7	6	11	10	8	7	9	36	68	35	28	14	11	13	14	26	52	51	16	19	24	36	29	18	14	15	8	13	23	40	28	15	8	7
10	11	29	55	36	15	13	12	12	18	39	67	53	18	8	7	58	38	24	20	14	9	12	34	26	15	10	11	14	15	18	25	8	17	59	85	42	12	8	7	31	27	48	88	58	19	10	9	120	63	18	15	9	6	10	45	37	16	12	18	21	20	19	25	12	12	30	47	38	31	42	31	25	7	12	29	28	45	93	74	110	31	8	7	8	16	56	85	32	26	21	22	20	14	13	17	17	6	7	9	15	32	64	53	20	7	8	11	14	30	80	68	20	12	13	17	22	28	47	39	15	17	17	17	17	17	18	18
27	20	24	25	15	11	16	25	82	37	12	8	4	6	15	46	57	16	5	3	4	7	15	39	12	5	3	4	8	10	11	12	41	54	63	46	16	7	8	16	137	79	22	8	3	2	7	49	91	19	7	7	8	10	15	42	14	8	7	8	8	8	9	12	60	32	32	30	17	14	29	64	141	56	8	3	1	2	13	106	94	27	11	9	8	8	10	35	13	8	6	8	9	8	9	13	49	8	4	4	6	14	57	108	90	9	3	3	2	4	32	127	39	11	6	6	6	7	13	40	8	6	6	10	10	7	7	8
23	35	33	21	12	9	11	15	25	40	39	22	12	10	14	18	29	31	21	13	11	10	15	20	12	11	10	11	13	16	15	14	32	61	59	32	15	8	10	18	37	70	90	57	20	17	16	16	119	90	41	13	6	7	10	32	32	12	9	15	22	23	18	18	56	28	19	14	12	16	37	78	44	14	13	14	18	58	103	93	117	31	9	7	8	18	57	95	37	19	20	26	24	17	11	17	58	19	7	6	6	10	32	75	43	22	17	15	15	21	47	65	39	24	17	18	20	21	31	40	19	17	17	22	23	15	12	14
21	10	5	32	108	29	3	4	122	43	6	9	23	5	3	29	58	19	7	7	10	8	9	24	12	9	6	8	17	14	8	9	28	7	3	39	136	36	2	5	145	29	2	8	33	6	2	41	81	15	7	11	16	14	11	27	17	12	8	10	19	13	8	10	29	5	2	37	136	39	2	6	145	42	2	7	33	8	2	27	83	29	10	12	16	11	7	14	17	11	7	12	20	12	8	11	21	5	4	29	106	30	4	9	121	33	3	5	24	9	4	34	62	27	9	7	9	6	5	15	13	10	8	12	17	9	6	8
17	19	24	23	15	14	15	16	36	34	27	18	12	13	16	24	51	31	13	9	10	15	25	38	18	11	8	9	16	28	33	25	20	18	18	18	17	30	44	31	46	40	33	27	28	42	35	22	118	67	17	6	5	9	17	47	34	15	12	18	25	32	33	27	24	16	13	8	10	35	67	49	20	10	15	15	25	85	99	43	107	44	40	20	8	18	45	69	29	36	64	49	24	12	8	11	20	32	47	29	12	11	18	19	11	30	72	64	27	18	18	11	14	38	88	66	21	9	11	11	18	37	74	43	11	5	7	11
12	10	11	15	16	13	9	10	89	35	10	11	13	10	7	18	167	54	2	1	1	1	1	32	51	11	3	5	12	7	5	13	16	11	9	11	17	19	16	15	105	25	8	14	25	22	12	19	170	45	1	1	2	1	1	32	74	12	4	7	14	8	6	16	17	16	12	11	16	15	13	13	92	19	9	14	26	23	14	26	170	49	1	1	1	2	2	41	75	20	6	8	13	6	5	12	11	13	12	11	17	15	10	8	57	33	14	13	17	11	7	13	165	88	4	1	1	1	1	18	66	34	8	7	7	3	2	7
15	10	9	13	24	43	47	29	9	7	12	21	39	76	68	26	22	11	10	10	20	51	82	55	20	12	8	7	11	32	70	49	19	23	29	33	32	28	24	21	19	24	50	84	70	41	21	10	111	56	27	20	13	19	42	56	27	10	11	19	26	43	57	37	16	15	19	26	35	38	31	23	20	7	10	30	60	83	64	33	111	37	14	11	11	25	42	69	30	26	32	35	30	20	14	13	18	15	13	12	18	26	27	22	16	10	13	18	25	43	45	27	22	18	19	21	22	30	36	29	16	18	24	23	21	18	17	15
22	22	21	19	15	11	15	20	28	35	35	27	16	13	14	19	27	31	26	27	31	20	15	18	10	13	18	37	53	25	10	8	18	19	30	42	27	17	17	20	26	45	74	85	42	11	6	9	107	84	45	26	29	17	8	21	17	11	12	40	93	54	12	8	11	17	33	53	42	23	11	10	47	15	23	59	54	29	23	37	121	30	6	9	25	15	15	79	23	7	6	29	101	62	15	13	11	10	14	22	33	34	23	15	45	16	10	14	18	29	37	49	84	30	9	10	16	13	18	59	16	10	10	25	64	38	15	13
33	81	77	27	8	5	5	10	48	107	84	26	9	6	8	14	20	45	68	66	33	15	11	11	12	21	46	57	31	18	10	8	45	60	59	30	17	12	9	15	127	97	45	13	9	7	9	50	45	27	43	72	64	32	19	24	16	25	45	54	34	18	14	14	39	18	11	9	12	14	14	23	116	57	29	16	6	3	5	31	26	25	48	75	46	12	5	8	18	16	23	31	22	13	15	16	13	9	5	4	5	6	8	11	21	17	13	8	5	5	7	11	9	10	16	17	9	5	7	9	10	9	11	12	7	6	8	9
16	20	36	51	30	11	10	14	36	62	57	34	13	6	8	11	18	27	38	38	25	13	10	9	6	13	25	35	30	15	8	5	17	18	32	96	91	15	5	7	119	71	36	36	22	5	5	30	41	19	26	59	61	23	11	15	15	22	32	42	35	14	9	11	30	11	14	72	96	29	11	19	122	38	11	20	24	9	10	60	38	15	18	61	75	31	11	14	22	16	18	31	35	21	17	24	34	15	13	30	46	27	18	30	82	30	13	14	16	12	17	59	22	15	18	36	48	29	15	18	18	12	15	28	31	18	13	18
22	28	23	16	14	12	12	16	48	77	39	11	6	5	7	18	55	82	30	7	4	6	6	16	24	28	17	9	12	15	10	10	22	21	19	24	24	19	16	19	42	68	56	49	32	12	7	11	125	107	33	8	3	3	4	33	52	31	15	11	14	19	17	23	15	24	34	42	27	14	9	11	69	29	29	47	39	19	13	31	131	72	11	4	3	3	7	74	60	40	15	11	16	19	17	25	11	17	25	31	25	17	11	9	51	43	26	24	17	14	12	19	103	111	26	6	3	2	4	19	51	77	28	9	7	4	4	9
31	20	11	9	9	6	4	8	97	36	7	7	18	11	6	26	20	9	10	32	82	36	8	9	15	16	14	17	26	16	9	9	43	17	8	10	13	10	6	11	144	35	2	3	21	18	7	40	38	6	4	24	128	82	11	13	19	20	13	15	37	26	13	13	42	12	5	8	14	14	9	12	145	39	1	3	17	9	3	30	57	11	2	16	130	87	7	7	16	14	9	13	55	47	15	13	28	11	4	5	12	13	9	12	122	40	3	2	6	4	5	30	48	19	5	17	91	55	7	8	10	7	5	13	59	48	12	8
14	11	12	18	15	10	8	11	39	20	12	9	5	4	6	22	24	8	3	3	5	8	11	23	6	3	2	4	8	13	12	9	25	14	17	40	60	35	15	15	127	38	13	13	13	8	9	74	62	16	13	14	16	16	20	51	14	9	10	14	17	14	11	14	28	14	16	57	95	51	16	15	126	101	35	19	21	11	7	42	79	70	52	28	15	9	12	33	23	20	19	20	20	12	13	21	22	11	14	46	81	43	22	23	101	41	13	12	20	16	27	88	78	32	14	12	12	11	26	73	20	14	14	23	26	16	15	22
161	37	3	3	2	1	3	73	105	19	3	3	4	3	5	42	23	8	4	6	8	7	6	12	9	3	3	5	11	8	5	6	168	44	2	2	2	1	4	79	120	23	6	7	7	4	4	31	42	12	6	8	13	9	6	11	12	5	3	8	14	7	3	6	163	53	2	1	3	3	4	65	111	26	4	5	7	6	6	24	40	11	6	9	10	7	5	12	10	5	4	11	13	6	3	5	144	49	3	1	3	3	4	45	80	30	5	4	4	4	5	17	22	11	6	8	6	4	4	8	8	4	5	12	13	3	2	4
30	33	26	16	13	15	21	24	17	20	21	22	31	39	37	24	17	15	15	19	27	38	40	25	18	15	15	13	16	24	28	21	44	75	66	27	10	6	8	15	104	53	27	13	14	25	39	51	22	7	7	16	46	74	66	34	17	13	13	15	24	36	36	26	84	71	38	17	10	8	9	29	124	74	17	9	7	5	7	44	36	24	19	34	58	45	20	15	15	14	14	21	30	33	26	18	70	62	20	9	9	11	12	25	100	92	26	7	5	4	5	25	34	46	33	26	26	18	10	13	12	15	20	29	28	18	12	10
18	17	16	16	14	13	14	16	32	20	18	16	18	26	31	35	52	39	19	12	17	29	27	34	61	40	12	8	9	14	19	37	36	24	18	18	19	15	14	19	113	27	7	6	13	36	51	80	46	24	9	14	71	98	59	38	87	61	16	9	14	14	14	39	40	19	12	15	19	20	19	22	122	67	14	13	15	10	11	38	45	28	18	47	103	62	14	14	73	52	17	12	24	21	15	34	25	21	12	11	15	16	13	14	73	56	18	11	11	8	10	25	37	32	19	28	47	29	13	16	41	27	13	13	22	19	16	27
21	30	31	20	14	14	20	18	25	35	36	18	14	22	31	26	28	23	16	12	24	39	42	35	11	8	8	18	52	49	29	16	18	45	60	35	17	12	10	10	33	76	103	45	11	9	10	11	113	90	45	15	20	16	12	28	20	9	12	47	94	53	16	10	18	16	17	16	22	29	34	27	46	17	20	15	15	34	58	63	118	35	14	20	21	9	20	78	21	11	16	64	95	32	9	8	18	12	9	9	13	22	28	24	32	17	14	11	10	17	32	47	45	27	22	24	22	13	16	35	12	12	15	35	51	24	15	12
4	4	5	6	6	4	5	5	20	15	13	12	11	10	16	22	56	20	9	8	8	14	50	82	27	12	10	15	16	32	62	60	6	5	4	7	7	5	5	7	48	39	30	32	27	20	15	19	130	88	22	13	8	9	26	78	40	21	31	58	50	39	39	37	7	6	4	5	7	8	8	8	32	10	6	10	20	43	78	68	121	39	20	21	15	20	62	109	31	23	45	74	60	32	21	20	8	8	4	2	5	8	8	9	30	23	12	6	7	15	28	36	28	27	31	33	27	24	31	38	14	17	34	51	41	28	23	20
10	11	14	22	40	48	27	12	37	41	24	22	34	36	15	13	72	56	16	8	8	9	9	21	20	15	10	11	15	18	13	12	14	16	16	21	50	65	38	20	37	25	16	38	102	79	20	10	124	63	12	9	12	8	8	32	37	15	8	13	20	22	17	18	15	39	75	61	33	17	9	9	34	19	39	67	96	53	17	20	123	38	8	7	13	13	15	62	38	21	17	21	20	15	10	13	10	25	61	52	22	13	11	9	43	42	48	38	15	11	13	23	80	54	19	9	7	6	10	31	26	25	18	17	15	10	8	11
14	28	53	38	13	7	10	12	7	19	69	86	35	10	7	7	9	12	49	81	45	18	22	17	16	18	30	30	18	22	41	29	10	27	59	52	24	14	10	8	20	26	76	95	42	16	7	5	112	40	33	33	12	16	40	67	27	10	8	12	20	55	84	53	11	14	24	30	32	31	23	15	30	12	17	35	44	54	45	27	118	64	19	8	7	15	26	53	37	44	42	33	23	23	19	17	12	12	14	15	24	30	22	14	19	16	15	16	23	33	33	25	42	38	20	13	13	17	26	32	24	34	32	22	14	14	14	16
63	101	39	10	6	3	3	11	87	108	20	4	3	4	5	12	25	24	14	13	12	10	8	10	7	7	8	10	12	11	6	6	78	84	33	14	14	10	10	21	138	112	12	2	3	3	3	28	66	22	13	19	23	18	11	16	10	11	11	11	11	9	7	8	62	16	5	7	11	20	61	99	137	26	3	2	2	3	25	123	63	16	11	17	22	17	12	22	9	7	7	11	13	11	10	10	33	8	3	2	3	13	64	98	49	10	5	5	4	6	35	97	19	9	8	11	11	10	13	21	6	5	7	10	12	7	7	7
32	17	10	17	26	11	5	10	108	37	6	8	18	9	5	29	48	12	5	32	85	26	6	15	86	23	5	11	19	7	6	35	41	16	9	20	36	17	7	12	132	32	4	7	23	10	3	37	67	11	4	35	115	37	6	19	114	27	4	8	19	7	6	47	39	12	7	17	33	19	9	15	129	40	7	12	20	6	4	29	64	18	9	44	103	27	6	16	110	31	5	7	16	6	5	41	29	10	6	10	20	14	9	16	88	27	7	9	15	8	8	30	44	16	8	21	54	22	10	19	74	25	6	7	12	7	5	28
36	27	24	25	16	8	8	22	17	20	36	75	54	14	7	9	51	37	37	44	25	11	11	28	26	21	21	29	36	21	14	18	46	36	22	25	27	11	10	24	32	19	22	94	104	21	4	8	122	46	16	31	29	12	10	44	32	14	13	43	80	39	14	17	40	32	18	21	30	16	12	23	35	12	11	48	103	53	12	17	124	45	10	16	30	18	9	44	31	16	13	48	89	35	9	10	22	21	15	18	23	17	12	15	19	17	16	34	54	31	13	13	71	48	18	16	18	14	12	27	23	20	16	30	45	23	10	12
24	10	6	12	14	8	6	11	95	23	4	5	6	4	4	25	118	21	1	3	24	9	4	30	14	3	2	22	114	34	3	5	31	10	5	10	17	10	7	15	111	24	5	7	9	6	5	26	135	27	2	5	30	9	2	22	20	3	2	27	137	40	2	4	29	12	6	9	19	11	6	12	107	24	5	6	9	6	6	23	135	24	2	5	27	6	2	28	22	4	2	28	134	36	2	4	20	9	5	8	16	10	6	9	85	23	4	4	5	4	5	21	114	31	4	6	18	3	2	20	17	7	4	24	106	26	2	3
17	11	12	17	15	12	12	18	75	21	8	6	6	6	13	48	111	18	1	0	1	2	13	81	33	6	2	3	5	8	13	34	25	18	15	16	15	12	15	23	106	55	17	12	11	9	11	29	144	78	4	1	1	1	4	43	48	13	5	6	8	9	10	19	29	19	14	13	14	13	15	23	105	20	9	9	11	10	17	75	144	24	2	1	1	1	6	103	51	12	6	7	8	6	7	21	25	11	7	8	11	14	20	31	101	11	3	3	3	5	18	109	120	9	2	2	1	2	8	111	22	5	4	8	8	6	7	19
8	6	17	77	60	11	6	9	21	14	24	68	43	9	6	14	44	23	17	18	13	9	13	33	61	21	8	7	5	5	12	46	10	8	25	105	74	8	3	5	75	22	17	47	27	7	12	32	69	19	8	14	18	18	26	48	93	20	6	6	5	4	13	79	17	9	14	69	65	17	7	9	89	38	13	18	14	7	8	25	91	32	15	17	14	7	11	55	102	18	4	4	5	3	11	90	17	8	7	22	35	21	16	16	49	15	8	9	10	12	19	46	87	18	6	6	5	4	11	75	84	14	5	7	6	2	8	68
25	33	24	11	5	3	4	9	54	63	33	9	4	3	5	18	50	61	42	17	10	7	9	23	47	41	24	12	9	11	15	33	34	25	14	8	8	7	8	14	92	53	20	6	4	5	10	40	99	47	17	8	8	13	25	65	83	26	8	4	5	10	32	90	29	15	7	8	10	10	13	20	98	49	14	8	5	5	10	38	117	69	21	10	5	4	8	49	110	55	11	6	5	5	14	64	18	11	6	7	9	12	14	17	53	30	12	10	8	9	12	26	94	69	17	7	5	4	6	30	90	77	20	8	3	2	4	25
6	15	88	89	10	2	5	6	6	18	111	111	14	4	4	4	8	23	91	84	18	9	10	8	17	27	54	34	11	8	11	13	12	16	84	104	35	8	2	3	92	36	69	59	11	10	21	41	26	13	22	25	31	49	52	34	25	22	19	15	15	22	31	29	23	10	18	42	43	30	19	16	110	50	18	10	9	10	12	34	35	32	32	33	30	25	17	14	22	20	21	19	18	22	22	19	14	9	11	15	23	24	19	19	40	29	17	13	12	16	18	26	29	31	26	18	15	14	13	18	18	19	17	14	14	14	14	16
17	10	9	14	15	11	12	18	12	8	10	40	54	24	10	10	78	24	10	20	18	7	7	34	43	12	4	4	6	6	9	27	20	17	20	39	25	8	9	17	27	14	24	118	92	10	3	5	139	45	14	28	14	2	3	38	63	16	6	7	9	7	7	25	11	15	34	83	42	6	4	8	61	14	24	119	83	7	3	12	140	44	6	10	7	2	2	43	60	25	12	11	10	6	5	15	5	7	21	63	49	16	6	4	59	21	16	49	37	14	11	23	126	52	8	4	3	2	5	38	43	25	14	12	7	4	4	14
19	12	10	15	17	11	8	11	125	24	6	6	5	3	5	74	115	16	2	2	3	2	8	76	17	7	4	6	10	9	10	17	36	13	11	17	20	14	10	16	146	23	2	3	3	2	5	107	121	17	5	5	7	5	10	76	19	11	7	9	13	9	9	14	37	16	9	14	20	17	11	13	145	101	5	2	3	2	3	26	120	74	12	7	7	5	5	18	20	14	9	12	13	7	7	11	23	9	6	9	17	17	12	16	129	49	3	2	4	5	9	42	111	51	7	4	3	2	4	26	17	13	11	13	10	5	5	8
10	15	53	74	30	8	6	9	16	27	65	79	33	7	4	7	93	75	38	20	7	3	3	24	91	57	10	3	4	5	8	28	10	18	51	77	35	11	7	7	42	28	47	64	34	12	9	15	123	64	18	11	4	3	5	40	107	70	18	6	4	3	4	27	17	16	25	38	26	17	13	15	50	18	17	28	27	21	22	31	113	53	16	7	4	5	9	40	72	72	30	8	5	3	3	14	14	11	12	15	18	17	14	15	28	17	15	14	14	13	16	25	50	41	19	9	6	7	11	21	44	47	24	9	5	3	5	14
11	39	74	48	14	8	10	7	30	72	81	34	9	7	9	10	64	59	28	10	6	8	13	31	24	15	8	6	8	11	17	24	13	22	40	37	25	38	57	26	61	72	52	24	15	40	47	23	130	85	14	4	3	5	10	47	46	12	6	9	11	12	16	24	13	11	7	5	11	55	99	46	27	7	6	7	18	92	113	50	124	26	6	3	3	16	45	85	35	16	12	11	9	7	6	13	14	19	18	13	8	18	24	17	12	14	20	20	16	24	26	16	26	20	12	9	7	9	14	20	14	15	10	9	6	4	4	7
13	8	10	19	22	18	17	17	28	20	16	21	21	15	19	27	52	25	10	8	9	13	23	44	16	6	6	8	12	18	23	26	14	7	12	44	39	21	18	20	36	40	44	89	53	11	8	12	124	92	26	15	6	4	7	28	32	15	9	16	20	19	16	17	8	6	20	92	65	13	7	10	72	13	21	96	62	8	8	47	129	31	6	8	6	3	7	91	36	15	13	23	22	12	9	17	7	5	15	66	63	20	9	11	86	10	6	27	24	11	22	87	103	14	5	8	7	4	13	89	17	9	10	22	22	10	10	17
24	20	15	31	56	35	12	12	90	54	15	13	23	17	11	31	22	10	7	28	90	60	15	13	15	12	9	21	64	48	14	11	26	13	12	40	92	55	12	11	124	44	9	11	27	20	10	51	39	7	5	28	101	71	16	18	14	8	5	18	71	63	25	17	19	9	9	23	74	65	23	14	117	50	15	11	22	26	19	40	34	27	22	38	72	41	11	10	11	7	6	18	47	48	28	17	15	13	10	13	28	34	22	13	30	20	13	11	19	28	28	26	21	20	17	17	22	21	16	16	9	9	11	18	28	24	15	10
17	11	11	17	13	13	15	20	24	17	16	22	18	17	18	22	58	28	14	11	7	9	17	41	31	13	7	9	12	17	23	31	25	15	14	22	20	15	16	24	33	20	25	53	53	27	13	14	123	52	19	15	7	5	8	42	42	18	31	46	23	16	16	24	27	24	18	23	22	15	12	19	34	15	17	40	58	48	25	23	112	53	68	57	12	9	12	38	18	27	105	109	19	3	1	4	17	24	23	26	20	11	9	13	14	24	46	65	36	14	10	9	13	28	87	97	30	8	6	8	16	21	73	79	14	6	10	16
13	14	18	24	21	15	11	10	92	57	14	10	8	7	7	20	106	49	6	6	21	20	9	28	12	8	8	20	64	44	10	8	13	10	10	14	19	26	36	24	90	41	9	9	13	24	37	32	128	71	4	4	18	15	9	32	23	8	5	21	82	60	15	8	15	5	4	5	9	30	75	55	27	4	2	3	7	39	112	85	113	20	5	6	13	13	51	98	22	10	9	22	65	44	15	13	20	12	12	7	5	16	47	43	17	13	14	12	9	20	56	47	31	20	14	16	17	17	29	34	14	12	11	22	38	21	12	11
22	14	11	15	17	13	14	22	11	9	13	45	59	27	13	14	22	12	18	40	42	20	24	39	28	15	11	9	9	17	46	54	27	21	18	28	24	11	14	23	24	12	23	101	93	16	6	8	120	25	14	31	21	9	31	93	37	10	7	8	17	34	68	76	17	20	27	42	37	13	9	13	34	12	17	79	92	27	9	10	124	91	19	10	12	7	7	34	47	61	45	26	19	15	13	17	9	12	16	28	34	18	11	9	15	13	13	33	50	31	21	16	59	69	23	10	12	13	17	27	35	61	45	18	7	5	7	14
19	27	23	21	17	12	9	9	102	85	19	8	6	4	4	16	118	75	4	1	2	2	3	21	22	9	3	3	7	7	4	8	23	20	15	20	22	20	22	21	108	71	16	10	10	14	20	31	139	103	4	1	1	1	2	28	40	14	4	6	8	5	3	7	22	11	8	9	14	24	51	53	58	9	4	4	6	17	78	120	132	18	2	2	1	2	25	117	29	10	7	6	6	3	3	11	24	7	4	3	5	16	56	67	32	6	4	3	2	7	55	97	32	7	5	8	5	4	16	56	9	7	5	7	4	3	4	7
19	18	19	22	24	15	13	17	63	34	22	20	20	16	17	37	139	40	9	7	8	6	15	95	110	22	4	4	7	7	15	76	23	17	15	19	24	19	18	22	93	44	24	28	30	22	18	30	155	61	9	5	4	5	9	84	120	28	9	8	9	5	10	60	14	13	13	13	15	14	13	12	60	16	9	13	22	22	23	28	144	32	5	2	3	4	8	48	61	23	11	8	5	2	3	19	3	3	3	3	4	7	8	4	6	3	2	2	2	3	5	5	12	4	1	0	0	0	1	6	6	4	3	2	1	1	1	4
19	25	24	30	33	16	8	9	78	77	26	12	9	5	7	23	66	93	41	8	3	4	7	20	24	59	41	14	12	13	9	10	28	15	18	37	49	28	12	11	115	40	10	8	10	10	19	64	52	62	38	20	30	36	25	28	27	82	65	18	10	9	7	8	27	9	11	27	49	41	19	16	121	51	7	6	9	10	13	47	53	23	12	20	40	51	40	29	23	27	18	11	17	37	44	29	21	9	8	16	33	31	22	21	93	23	5	4	6	10	23	69	53	17	10	9	13	24	40	48	13	8	9	13	20	31	41	25
19	14	14	20	14	7	8	13	66	36	13	10	8	5	7	25	109	42	6	4	3	5	9	48	36	12	9	24	26	16	14	25	25	19	15	19	14	9	9	14	83	49	22	18	13	8	6	19	134	72	12	10	4	2	4	32	40	18	25	78	46	12	7	12	22	20	15	16	14	11	11	13	90	23	11	13	12	10	14	52	128	39	24	44	12	2	4	57	21	16	45	124	54	4	2	6	19	11	7	10	12	12	16	19	66	22	11	9	6	8	15	48	57	27	37	68	28	7	5	26	11	11	34	94	43	8	6	10
21	10	15	47	36	16	19	30	16	13	22	64	58	28	19	19	17	14	16	38	53	39	24	21	31	19	14	17	19	17	19	31	20	13	34	106	68	10	6	13	103	34	29	62	36	22	24	47	26	8	6	24	79	84	46	31	37	20	11	16	25	24	28	42	24	11	20	82	75	26	11	14	118	57	20	27	20	10	10	40	33	23	24	54	73	39	17	18	29	19	15	23	26	21	25	35	19	12	12	28	39	28	19	20	55	34	18	18	17	15	18	35	26	27	24	30	27	17	16	21	19	16	17	24	21	16	16	21
10	29	75	49	9	4	7	10	10	32	90	65	13	5	7	8	12	28	68	52	13	8	12	12	19	24	39	24	10	9	15	17	19	31	80	69	22	10	5	6	97	51	56	31	7	7	18	39	32	15	21	18	17	33	57	45	26	16	16	12	11	18	41	47	25	11	14	24	28	43	49	30	111	43	10	5	4	11	34	66	56	23	18	15	13	18	41	56	26	9	10	10	9	16	46	62	12	4	4	4	8	38	75	46	34	7	4	4	4	19	80	89	31	10	8	8	5	14	56	76	15	8	15	17	11	13	34	42
51	20	9	12	19	14	9	22	51	22	9	17	44	23	10	17	101	32	5	6	26	14	5	23	16	6	4	16	88	37	5	6	83	28	6	7	18	14	12	35	58	18	6	24	82	43	12	15	126	39	3	8	34	13	3	22	27	5	2	21	115	45	5	7	92	33	6	7	15	10	9	36	52	12	5	19	83	53	13	20	125	23	3	7	33	15	7	40	28	8	4	28	107	33	5	7	64	26	7	7	11	9	9	26	38	17	10	21	51	22	9	16	91	29	7	9	25	8	6	27	21	10	5	23	76	20	6	8
47	86	42	21	20	15	7	9	80	106	28	9	10	10	8	13	18	20	22	31	41	29	14	9	11	14	16	23	36	25	11	9	43	43	16	15	56	90	39	17	126	94	13	5	11	15	12	42	45	18	18	44	68	33	11	13	16	18	21	30	40	23	12	13	19	12	6	8	44	103	63	24	116	33	12	10	15	36	44	68	36	22	26	46	58	30	12	13	16	15	15	22	31	27	19	17	18	24	17	13	20	32	22	14	28	22	15	14	20	30	30	28	18	17	17	22	26	24	18	17	11	12	13	19	22	19	15	12
3	3	3	11	69	91	18	4	53	25	8	10	54	66	14	15	108	37	4	2	5	7	8	38	27	11	4	5	13	14	10	15	9	9	6	11	74	92	16	6	55	13	2	10	112	113	12	10	137	42	2	2	12	11	6	36	39	11	5	8	19	17	11	15	14	18	14	20	56	43	10	7	30	5	5	19	113	97	13	13	135	32	3	3	16	22	10	41	41	15	7	9	14	12	7	11	14	17	12	17	34	23	8	7	14	8	8	22	67	45	11	9	73	28	7	5	17	16	9	23	29	18	8	6	7	6	5	9
21	26	22	27	40	26	9	9	57	52	26	16	16	16	12	24	39	54	34	19	20	18	13	17	35	53	25	8	10	16	12	13	25	16	12	28	78	64	13	10	116	43	11	10	23	28	19	48	37	36	24	29	78	67	21	17	51	87	40	14	14	11	6	11	18	7	4	12	73	92	28	13	116	37	7	8	26	41	26	46	35	21	12	31	93	72	15	11	41	46	18	12	29	35	19	21	14	16	13	13	35	48	20	11	38	23	12	11	25	42	30	29	23	24	14	16	39	45	21	14	17	14	9	11	27	40	22	16
14	9	7	12	21	46	54	30	16	8	9	17	43	70	54	27	69	14	7	7	12	18	36	93	47	10	4	5	9	14	35	72	22	21	24	26	24	32	46	36	25	11	15	76	102	57	26	14	123	34	7	14	15	8	15	79	52	15	11	16	21	18	22	47	12	33	65	61	26	10	7	7	35	15	31	87	73	19	11	15	120	56	16	10	9	5	7	37	37	33	33	30	19	10	5	9	9	15	30	30	20	18	15	10	24	19	21	24	17	17	22	20	45	39	20	10	5	8	14	22	19	24	25	18	10	5	7	10
17	13	17	26	23	12	11	15	69	19	12	15	13	8	18	69	47	10	4	6	12	19	42	78	12	7	6	12	32	42	31	19	35	20	25	33	24	10	9	16	129	28	8	8	6	4	12	101	62	11	9	18	31	27	35	73	12	11	11	22	43	44	24	14	41	28	20	21	19	13	11	14	131	108	13	5	3	2	3	24	74	67	24	23	30	21	12	15	16	14	13	25	39	33	20	15	22	23	14	15	19	19	12	11	102	99	15	5	5	6	6	15	74	91	30	13	9	6	4	12	16	23	25	29	27	17	8	8
11	13	12	15	27	45	27	10	102	60	12	6	8	15	13	25	123	57	3	1	3	5	6	32	27	9	4	4	12	17	12	14	7	4	2	5	23	94	81	20	94	29	3	2	19	95	66	29	139	65	2	1	2	7	8	37	47	12	5	7	13	16	11	15	16	17	11	6	15	58	54	21	28	7	6	6	28	115	80	31	130	25	3	2	4	20	35	72	40	16	10	10	12	8	6	12	15	22	19	11	12	16	12	10	15	18	18	14	18	26	20	15	46	23	9	6	7	11	15	26	20	15	10	8	8	5	5	9
81	34	8	10	14	5	4	14	159	58	2	1	2	2	2	27	52	15	7	13	27	12	6	13	8	7	6	12	23	11	5	5	98	30	7	11	18	8	5	18	165	47	2	2	4	3	2	37	77	11	8	24	50	24	8	16	11	9	9	15	24	13	7	7	99	21	6	9	16	9	6	29	165	37	2	2	4	2	1	46	78	16	7	23	48	23	8	12	11	7	6	12	22	15	9	9	80	15	3	5	12	9	10	35	158	25	1	1	2	1	3	63	51	12	5	12	26	12	7	17	8	5	5	11	19	11	6	7
18	19	31	25	24	19	14	15	26	53	65	41	31	23	15	14	34	81	91	38	19	13	17	20	24	57	69	37	21	18	20	18	21	20	21	23	29	22	15	16	33	35	46	73	78	38	13	10	120	68	36	25	17	22	35	68	42	28	21	19	24	54	68	53	13	17	15	15	18	14	10	10	28	9	11	33	61	47	28	21	122	48	12	9	10	15	24	61	39	35	32	27	20	25	26	26	5	7	7	6	7	8	8	7	9	7	6	6	11	13	15	12	27	17	9	6	7	9	17	22	15	19	18	13	10	7	11	15
26	44	43	24	8	4	5	12	22	52	72	39	13	6	7	11	16	37	68	53	25	11	8	11	11	19	41	52	37	16	9	9	20	49	58	34	13	6	6	8	25	59	101	67	18	6	3	5	101	68	63	32	18	12	11	31	21	13	23	59	72	40	17	16	15	29	39	29	18	12	8	9	58	30	38	35	22	16	13	26	120	53	24	27	21	6	6	47	18	16	28	82	84	25	7	9	14	16	16	14	17	18	13	12	39	30	20	14	11	13	13	22	51	53	37	32	16	6	7	16	13	18	29	56	43	14	9	10
11	9	12	25	39	26	14	13	25	20	16	31	57	32	13	13	90	34	11	10	14	10	14	58	32	12	10	24	37	23	19	33	19	13	10	20	44	33	21	19	37	13	7	35	105	60	14	11	125	44	8	17	22	8	7	50	32	12	19	79	74	17	9	18	24	22	18	22	33	18	10	16	28	8	8	32	99	62	17	17	115	46	26	42	30	15	12	38	18	16	35	106	73	8	4	7	17	17	15	20	23	13	10	11	15	14	17	34	50	27	14	13	25	28	30	49	39	19	13	16	14	13	23	59	41	14	11	15
6	5	9	10	9	6	4	4	12	6	4	3	3	2	2	5	12	2	0	0	0	0	0	3	1	0	0	0	0	1	1	1	19	14	13	17	24	18	12	14	93	31	14	14	19	14	9	19	163	40	2	1	1	1	1	27	41	7	1	1	3	5	4	10	28	22	18	22	31	22	14	20	129	32	13	16	25	18	18	45	170	59	3	1	2	2	4	58	95	26	5	4	6	5	3	17	24	16	13	17	29	27	17	17	104	38	12	13	17	13	17	42	165	73	5	3	2	2	4	43	83	38	7	5	5	3	2	14
22	24	15	13	13	10	7	10	114	97	12	4	4	3	3	10	134	99	3	0	1	1	1	7	18	10	2	2	6	5	2	3	26	19	12	14	15	13	12	17	114	70	13	11	12	9	7	16	150	103	3	0	0	0	0	16	43	12	2	3	5	3	2	6	25	19	14	15	15	13	12	17	118	19	9	11	11	10	11	62	150	16	0	0	0	0	2	96	41	5	2	4	5	2	2	11	19	12	10	11	12	13	14	17	115	18	5	5	4	4	9	67	135	17	1	1	1	0	1	71	18	5	3	5	6	2	1	7
8	10	14	18	20	35	39	16	32	22	20	16	18	31	30	26	66	25	10	6	7	14	27	53	21	11	8	7	13	25	31	26	13	6	4	5	23	67	78	40	41	15	8	14	80	100	40	17	126	38	5	4	12	16	17	56	32	9	6	10	29	42	31	26	26	22	16	21	35	36	30	26	27	7	8	39	118	89	15	11	126	60	11	7	22	19	8	36	40	29	22	21	29	23	12	13	16	23	26	36	31	14	7	9	14	13	20	62	80	28	7	8	74	59	19	13	19	11	9	25	34	37	24	16	14	8	8	14
5	8	51	97	35	6	5	6	6	19	81	111	31	4	2	3	26	37	64	60	19	8	7	13	20	25	28	24	19	14	12	15	5	8	44	112	62	11	4	4	21	26	60	104	60	13	3	4	111	60	34	25	11	8	10	34	31	16	13	19	30	28	21	24	8	9	24	69	62	22	8	7	35	11	14	53	62	36	20	23	118	40	12	11	10	9	12	51	31	20	20	27	28	18	11	17	8	8	13	28	38	26	13	9	23	13	12	20	26	27	24	25	51	31	15	11	9	11	18	35	22	19	16	17	14	11	13	21
14	7	8	9	9	6	14	22	23	13	10	7	7	7	14	20	25	14	7	6	6	14	19	20	13	8	6	8	12	19	20	14	20	8	12	18	14	9	11	17	47	18	13	16	15	8	7	16	73	24	11	11	9	10	10	20	17	10	21	41	27	19	11	10	17	21	25	16	13	11	11	13	42	24	33	20	14	12	15	20	54	27	79	74	9	3	5	15	7	12	102	118	26	6	2	2	8	31	63	32	7	5	6	6	8	37	104	81	12	4	4	4	4	17	129	136	18	3	3	3	8	14	117	130	19	4	9	13
64	35	15	10	6	7	17	46	70	39	14	8	7	9	17	51	51	29	13	8	9	13	18	38	22	11	7	9	13	18	20	23	90	35	10	6	6	11	27	73	67	38	26	24	21	20	22	41	105	52	18	9	5	6	10	36	31	13	12	19	21	18	17	21	88	80	26	8	6	7	13	37	56	52	32	21	27	31	23	27	107	48	18	9	7	9	13	43	29	23	24	30	27	14	8	11	40	83	48	15	9	9	6	9	40	97	73	19	5	3	4	9	56	87	51	15	6	3	4	12	22	38	35	28	18	7	5	7
81	35	8	8	8	5	3	22	99	34	7	5	11	10	8	39	41	24	13	16	29	21	12	22	42	26	11	10	12	11	10	19	107	45	9	7	9	6	4	24	131	35	4	4	11	14	10	51	44	18	12	23	67	57	20	23	59	41	16	11	14	11	10	22	114	45	7	5	10	7	4	23	132	57	6	6	9	5	2	28	48	21	10	27	72	53	17	15	51	27	11	10	19	22	18	26	90	43	5	4	9	9	6	18	122	73	7	4	4	3	3	21	49	34	13	15	31	26	11	15	29	18	12	13	23	21	13	16
94	43	5	4	5	5	4	19	66	25	5	6	12	8	6	16	88	24	2	2	2	2	4	21	33	9	2	3	7	7	5	12	124	84	8	3	5	4	2	15	93	42	10	11	18	11	4	13	126	30	3	2	2	1	2	23	49	10	2	4	9	6	4	14	132	93	7	3	5	2	2	15	116	48	6	6	12	11	8	25	128	19	2	1	2	3	5	39	49	14	4	4	10	5	3	11	115	67	4	2	6	5	3	20	114	58	5	3	4	2	2	22	96	30	4	2	2	2	3	22	33	15	5	4	6	4	2	8
34	28	18	17	25	17	8	15	72	40	15	10	10	9	12	35	57	27	14	14	15	15	16	33	57	26	8	7	8	10	11	28	35	20	13	17	48	59	21	17	118	41	9	7	11	14	13	52	68	28	17	32	42	25	16	29	95	51	12	8	7	6	6	31	21	8	5	10	56	96	43	18	105	44	19	17	22	35	22	37	61	40	35	57	46	15	6	16	107	58	12	8	7	4	5	33	14	14	11	15	41	60	28	12	30	18	13	17	40	52	32	25	47	25	15	23	28	27	20	27	82	39	10	7	7	5	7	32
32	27	19	16	13	6	5	12	85	62	17	6	4	3	5	22	106	96	12	2	2	2	3	17	80	76	9	2	5	7	5	12	45	24	14	17	16	10	8	18	117	36	8	5	4	4	9	49	106	79	16	8	8	9	10	27	107	109	14	2	3	2	1	9	45	18	8	10	12	13	15	25	108	42	12	7	4	5	8	36	75	54	28	21	15	8	5	18	100	94	15	4	2	2	2	15	30	16	6	6	10	13	15	21	55	30	11	6	6	9	12	30	48	32	13	9	11	10	9	24	66	45	10	5	5	4	5	21
16	7	4	34	83	20	4	6	92	27	5	11	17	4	3	25	97	27	4	4	6	4	3	27	81	21	2	2	5	5	4	24	22	6	3	35	110	33	4	6	116	21	3	9	20	6	3	32	112	23	4	5	9	7	5	32	109	27	3	2	5	4	3	30	21	5	3	30	110	39	4	5	114	33	4	6	21	10	4	20	111	33	7	8	7	4	3	24	112	28	3	3	5	3	3	30	15	4	3	20	81	34	7	7	87	24	4	5	19	14	6	25	98	28	3	3	5	3	4	27	86	24	3	4	5	2	2	22
78	17	7	8	7	6	22	81	105	18	3	2	2	5	24	106	63	15	6	4	4	8	23	64	16	9	6	8	12	14	17	18	110	32	7	6	7	6	17	78	126	31	5	3	3	3	15	90	65	20	12	13	14	13	22	45	18	16	13	14	13	10	11	13	102	53	12	7	8	6	10	43	126	77	14	5	3	2	5	36	56	44	27	20	14	9	9	17	17	16	15	17	15	9	9	12	74	43	12	6	7	7	10	33	93	53	12	4	3	2	7	36	44	33	18	13	8	5	8	19	14	13	15	20	14	7	6	10
18	9	6	10	12	7	4	8	128	27	3	3	4	3	3	20	166	30	0	0	0	1	1	30	34	6	1	3	7	6	3	9	26	11	7	10	13	9	7	11	152	27	4	4	5	5	4	20	175	35	1	0	1	0	1	23	50	8	2	4	8	6	3	8	25	12	8	10	12	9	7	10	153	21	4	5	5	4	4	26	175	20	1	1	1	0	0	37	47	8	4	5	9	4	2	8	18	8	5	7	11	9	7	9	131	22	3	3	4	3	3	24	160	25	1	1	1	0	1	30	29	7	3	5	8	3	2	6
11	10	10	14	17	19	22	16	18	13	13	17	20	20	21	21	42	16	9	9	7	9	23	42	19	7	5	6	10	18	27	26	18	13	11	16	24	27	28	22	31	17	18	38	52	33	16	14	114	38	10	8	7	7	12	45	33	11	8	13	23	25	24	26	18	29	51	34	23	18	13	13	27	25	52	46	51	42	21	17	111	75	62	14	7	8	10	37	26	46	72	36	19	12	5	7	7	29	79	54	20	9	7	4	8	49	111	63	15	7	7	5	18	84	119	35	6	4	6	7	15	64	100	28	6	4	5	6
51	20	14	14	12	12	25	62	63	26	22	18	10	13	31	72	43	36	27	18	16	17	24	37	17	14	12	17	30	25	18	16	63	20	10	13	16	16	36	79	41	36	64	90	67	21	16	36	113	92	56	31	14	8	8	26	35	17	14	24	36	28	15	16	45	28	21	22	25	19	22	44	30	12	14	43	83	73	48	40	115	30	11	13	15	21	35	84	33	20	23	31	28	17	11	15	29	24	19	18	17	16	16	24	30	23	17	17	21	28	33	34	30	20	17	18	17	18	26	37	15	16	18	22	19	14	13	15
5	3	6	58	93	26	8	5	13	11	16	57	82	23	6	7	58	26	12	15	17	9	10	31	27	13	7	8	11	12	13	21	3	3	12	91	112	20	4	3	28	15	22	89	98	20	3	5	123	43	13	15	12	5	8	40	38	13	7	13	18	16	14	23	3	4	17	96	107	15	2	2	41	10	13	69	81	24	11	21	125	38	10	8	9	7	8	47	35	20	16	19	18	10	8	15	5	5	11	53	83	24	6	4	33	14	10	25	37	19	17	29	65	29	10	8	7	7	12	37	26	16	12	13	12	8	7	14
14	16	17	20	17	12	10	10	26	18	15	14	13	15	16	18	12	11	11	13	18	23	19	14	12	14	11	10	12	16	15	11	25	19	21	29	39	49	19	11	107	35	14	10	10	17	21	44	23	7	7	16	43	56	37	20	18	14	11	13	21	22	20	17	14	4	2	6	39	121	86	17	105	36	11	8	13	67	69	48	34	21	23	34	47	46	30	18	19	12	12	14	24	31	29	22	9	14	7	4	18	104	75	11	13	6	4	5	22	109	104	30	14	8	8	10	26	72	70	28	13	9	8	9	18	39	44	21
17	14	17	18	15	13	13	16	25	21	21	18	19	16	15	21	45	21	15	10	11	14	31	54	28	13	9	7	10	23	45	47	29	17	15	15	18	22	27	32	45	24	18	22	37	49	34	24	118	48	11	6	6	11	31	75	38	18	15	15	18	35	57	51	63	30	14	11	9	14	29	55	41	12	5	6	24	85	98	57	103	49	16	8	13	45	66	55	47	55	43	24	17	18	16	20	68	37	12	7	8	9	17	43	62	42	18	11	17	28	34	47	24	21	13	15	36	58	49	29	33	30	19	12	17	29	28	26
36	31	21	16	13	11	10	17	98	49	13	6	6	8	16	51	51	16	6	11	25	37	39	47	6	6	7	25	73	65	23	9	43	27	19	18	20	18	15	19	128	53	11	5	4	4	8	70	71	21	27	41	35	21	19	39	6	7	17	59	92	50	13	6	32	15	10	11	17	25	25	22	117	87	45	12	5	7	9	30	32	65	98	68	19	6	3	6	10	21	47	70	53	20	9	7	14	14	11	10	14	16	16	14	26	32	27	17	14	14	14	17	24	38	48	30	14	9	11	15	15	21	34	37	22	12	12	13
10	38	88	34	6	3	8	9	11	50	104	42	6	5	9	8	7	37	104	55	10	7	8	5	4	33	87	43	11	8	6	4	23	41	87	48	13	8	6	8	106	64	65	19	8	12	16	38	20	19	48	43	58	63	31	16	14	32	56	30	20	21	21	18	41	16	16	18	19	21	25	36	118	43	11	8	8	8	13	54	29	18	19	39	66	50	18	12	15	15	17	22	33	34	28	22	28	12	6	6	11	19	27	39	57	24	13	11	11	10	19	47	20	17	20	29	36	25	16	15	13	12	15	21	27	23	21	16
30	18	14	15	10	7	8	19	116	32	6	4	2	3	10	73	82	19	11	14	9	10	24	70	12	10	19	34	24	19	18	17	51	20	13	13	11	10	9	22	134	41	9	7	2	2	4	72	81	26	62	89	23	5	6	32	12	25	71	76	20	7	5	8	43	15	8	8	10	13	15	25	122	81	47	24	5	3	5	28	27	37	90	109	26	6	6	9	26	30	53	45	12	8	11	22	21	11	7	8	9	10	14	21	40	27	17	14	11	9	13	27	23	18	22	23	18	16	19	26	21	15	15	15	11	12	18	24
12	9	14	44	72	29	10	8	118	33	11	18	21	7	7	57	98	25	7	5	5	8	15	58	14	11	9	14	19	22	18	15	22	8	12	51	89	39	10	11	130	32	7	12	19	8	7	77	98	35	39	22	8	6	9	38	12	24	41	34	19	11	7	6	19	9	10	34	64	42	19	13	116	84	34	11	15	13	13	29	36	74	95	41	8	3	3	6	13	36	65	40	12	4	4	6	13	11	13	19	28	21	17	15	27	27	19	15	19	20	22	24	22	35	39	21	13	12	14	16	17	24	31	19	10	7	12	14
11	10	26	53	37	19	13	14	14	20	35	59	44	22	15	12	21	22	29	33	27	25	24	18	19	22	22	19	20	21	17	14	14	16	50	99	54	12	5	5	97	35	28	40	21	21	42	59	25	8	7	11	28	85	88	40	17	14	13	14	28	54	47	22	28	15	29	67	54	23	18	21	122	57	11	11	7	8	16	64	56	24	10	13	32	58	39	24	8	6	8	15	41	62	43	14	26	8	6	14	24	30	41	46	81	22	7	5	6	10	33	83	40	23	17	15	17	20	21	29	8	9	13	22	35	33	19	9
11	6	6	12	25	26	15	11	30	23	13	15	30	26	14	16	42	20	7	9	53	68	24	23	11	10	6	15	83	87	16	6	14	7	5	11	34	36	18	14	38	21	12	25	67	50	12	10	116	42	7	6	41	53	16	31	15	5	2	11	116	117	18	7	18	13	9	12	28	28	15	13	27	6	4	13	67	75	26	18	118	30	6	8	27	29	16	48	20	9	6	24	109	87	10	6	16	17	12	13	18	17	7	8	16	14	11	17	37	35	13	12	58	35	14	14	22	19	11	22	19	16	11	25	64	40	8	6
11	12	13	22	32	22	12	9	43	43	19	16	20	15	9	13	113	80	11	3	3	2	3	17	89	53	5	2	5	6	4	16	13	13	12	20	41	39	22	14	42	30	20	30	49	38	15	12	132	73	11	6	5	3	3	27	119	53	6	3	4	3	4	26	14	15	15	21	38	39	21	14	33	11	9	22	53	56	30	27	129	33	4	3	6	9	13	66	117	42	6	4	5	3	6	36	12	13	14	16	30	30	17	12	27	14	10	17	30	32	23	24	100	30	5	4	6	7	12	51	91	28	6	5	4	2	4	37
14	22	38	44	29	19	12	13	15	28	43	48	40	28	19	14	23	25	29	31	27	27	32	26	25	22	19	15	15	19	24	26	18	23	50	76	64	35	11	8	107	52	37	32	20	23	35	56	30	14	15	24	36	64	71	44	27	21	18	18	21	27	36	34	17	8	9	23	64	92	52	18	107	58	36	22	21	38	37	47	34	47	69	64	37	22	15	14	31	33	31	28	23	18	21	24	13	18	20	22	34	47	27	12	13	19	26	31	42	50	36	19	27	33	37	29	26	25	24	26	30	30	28	20	15	14	17	24
78	17	8	12	10	6	11	71	56	13	10	22	26	16	24	67	54	19	13	21	21	16	21	47	39	13	6	7	9	11	22	42	102	17	5	11	11	5	13	94	52	18	24	83	70	12	9	38	120	45	19	28	14	5	9	44	52	14	8	14	16	14	19	34	75	24	13	25	21	8	13	62	46	13	13	71	87	20	8	19	125	39	8	10	12	5	5	43	48	23	17	21	19	9	7	17	33	15	12	27	27	13	12	25	33	12	10	34	43	18	15	28	80	29	9	6	7	6	11	44	31	18	13	15	14	7	9	17
7	6	10	34	69	35	9	7	13	8	13	39	77	43	13	14	69	17	9	11	15	10	24	91	55	14	5	4	4	10	33	79	9	9	13	37	75	37	11	7	32	14	13	50	100	46	9	10	125	40	7	9	11	6	14	86	60	22	13	14	13	15	26	58	7	8	15	38	67	33	11	8	28	8	8	34	88	56	22	20	122	57	11	5	10	11	14	50	54	45	30	22	14	9	9	19	5	7	12	26	47	30	12	7	19	11	10	21	40	34	25	23	62	32	11	7	11	14	22	46	38	28	18	13	12	10	14	26
10	8	8	26	94	47	7	5	50	27	12	14	22	10	10	23	30	17	11	8	10	11	13	21	19	14	9	8	11	11	10	11	12	5	4	22	129	94	7	4	101	21	6	10	39	22	10	39	46	13	8	13	22	21	17	25	25	17	11	11	14	14	10	15	8	3	1	12	136	121	7	4	91	37	9	8	64	61	9	18	51	29	19	22	23	14	8	15	27	16	11	11	14	12	11	18	6	6	4	13	118	100	7	2	31	18	6	9	86	81	14	12	39	29	13	10	13	13	10	19	22	14	10	9	12	9	9	16
22	26	29	25	17	11	10	12	59	42	26	16	10	9	13	33	37	21	16	21	26	21	25	33	25	18	17	21	22	18	20	23	32	22	25	32	33	21	13	15	118	48	19	12	10	9	13	62	49	21	30	53	48	31	24	34	44	29	22	24	21	18	24	41	26	16	15	24	33	30	23	19	97	84	71	30	13	10	10	24	61	56	90	71	23	7	9	40	77	30	13	12	10	10	24	73	13	11	14	22	29	26	21	18	29	25	26	22	24	24	30	39	82	30	17	9	6	8	26	86	65	22	12	15	11	6	14	60
17	11	11	12	13	17	22	21	35	19	10	8	11	33	53	48	21	10	6	6	15	74	106	47	11	10	7	5	12	77	99	27	20	14	11	10	11	15	21	27	57	46	33	19	15	18	24	31	117	57	16	5	5	32	64	64	21	8	5	7	19	92	106	35	20	14	10	10	11	14	19	22	50	15	11	13	18	25	34	39	120	53	16	7	4	7	16	59	41	38	33	27	21	26	22	18	14	15	10	8	11	14	11	13	32	26	13	10	11	13	14	21	53	52	28	13	8	8	10	21	22	42	41	24	11	7	8	9
29	32	26	20	17	18	17	19	43	48	45	27	17	15	18	26	13	22	42	53	48	32	19	13	17	22	29	31	29	29	26	17	27	23	20	20	27	35	34	29	28	45	75	66	52	33	16	13	102	61	57	33	19	22	27	41	24	11	13	21	35	58	63	35	27	22	18	17	29	37	32	30	22	10	13	28	77	93	47	22	110	58	38	22	19	27	27	49	28	38	64	56	31	21	15	13	23	25	21	17	19	22	19	19	16	16	19	30	47	47	26	16	20	25	32	34	42	36	26	20	24	29	38	28	18	14	20	26
11	52	91	34	6	2	2	3	17	95	114	27	3	1	2	4	20	114	115	16	2	2	3	3	15	90	80	13	4	7	5	4	21	29	43	31	19	13	9	10	64	58	56	24	10	7	7	20	72	85	58	14	9	9	8	18	47	89	58	11	5	6	7	14	22	13	10	15	23	26	21	22	67	23	12	13	17	19	20	33	75	32	19	18	13	12	12	33	50	44	22	14	11	12	13	25	16	12	8	9	14	24	24	20	29	17	11	11	14	22	24	25	42	26	14	13	10	11	16	28	35	29	14	10	9	10	13	24
13	9	9	11	9	6	6	12	51	15	8	8	7	6	14	46	91	10	3	2	2	5	35	120	36	6	3	5	8	17	54	83	20	13	9	8	9	8	8	13	105	41	14	8	7	6	7	30	141	47	5	2	1	2	13	91	47	14	14	22	22	19	30	50	17	12	9	8	10	10	8	10	110	30	8	6	7	6	8	37	141	76	15	7	2	1	3	47	42	34	40	47	26	10	8	14	12	8	5	6	11	12	9	8	61	36	9	4	5	8	8	19	100	99	30	8	2	2	3	15	26	48	47	34	15	6	6	9
30	19	13	17	21	26	26	30	16	13	16	31	50	50	30	19	32	21	18	17	25	34	39	40	17	16	15	15	25	44	36	21	46	56	39	27	20	14	13	23	28	25	33	79	79	35	13	11	111	45	16	20	20	24	30	55	21	9	12	29	60	71	42	21	45	56	40	25	17	14	14	23	39	28	24	37	48	47	46	37	105	43	28	30	20	21	33	57	17	22	50	78	60	26	10	8	32	31	20	14	15	19	23	27	44	41	26	19	16	19	27	35	26	27	35	43	36	26	21	22	13	15	31	46	39	24	18	14
20	32	49	30	9	6	9	11	11	20	54	56	28	14	9	9	25	17	31	39	28	15	16	32	57	16	8	6	5	7	22	68	17	46	69	38	11	6	5	8	29	41	84	71	21	8	5	8	114	47	31	21	7	5	14	67	84	17	4	4	5	6	25	90	21	27	35	26	16	13	13	15	53	27	29	30	20	20	22	29	124	53	9	5	3	5	10	57	102	41	9	6	7	5	8	47	19	16	15	13	15	17	17	17	44	25	13	10	10	14	20	33	99	45	8	3	3	6	12	50	82	41	11	6	5	3	5	32
36	15	8	10	10	5	3	11	105	24	4	3	3	2	3	27	128	26	2	1	2	1	2	32	99	19	1	1	4	4	4	26	53	18	7	8	11	6	4	14	128	26	4	3	3	2	3	30	138	29	2	3	4	3	3	30	126	30	2	2	4	3	2	24	53	17	5	6	11	8	5	14	130	32	3	3	3	2	2	25	137	31	4	4	4	2	2	28	123	30	2	2	5	2	2	24	37	11	3	4	9	9	7	13	111	27	2	2	2	2	3	25	122	28	2	2	3	1	2	28	95	24	3	3	4	2	1	19
24	17	21	28	21	10	9	16	96	34	14	10	6	4	10	55	81	20	6	5	6	8	20	63	22	12	8	11	18	21	21	23	39	16	19	27	24	21	16	20	125	34	8	5	4	3	9	75	90	33	24	18	11	8	14	49	24	28	25	23	18	14	11	15	25	8	8	10	17	50	69	33	115	71	22	5	4	17	44	48	49	72	65	25	10	8	14	19	25	40	38	24	12	9	10	14	12	7	5	4	7	43	86	41	17	9	6	3	7	47	105	57	22	18	12	6	9	33	74	48	16	15	13	10	11	21	37	27
17	14	16	14	12	10	13	16	18	20	37	28	12	12	14	17	19	31	36	19	12	12	12	13	15	13	12	11	12	13	12	13	19	23	27	36	27	12	10	13	20	37	96	119	72	12	4	6	123	108	81	34	8	4	4	19	43	22	12	12	13	13	13	19	18	19	23	40	47	21	12	14	41	12	17	73	115	62	19	29	132	43	11	10	14	14	13	84	52	22	19	21	16	10	8	19	15	14	16	23	31	24	16	14	29	10	12	27	52	45	32	35	89	27	10	8	9	12	22	62	26	18	18	21	14	8	9	17
8	8	8	12	11	7	5	5	23	16	11	12	14	11	9	11	115	47	8	4	6	4	4	24	146	57	4	1	3	3	2	31	12	9	7	11	14	9	7	9	39	16	16	20	22	14	10	14	134	37	7	6	6	8	7	32	155	61	3	2	3	2	2	34	12	10	8	9	13	11	8	8	42	14	9	15	24	19	13	17	127	44	8	7	8	7	5	28	152	74	6	4	4	1	1	25	10	10	7	8	10	13	7	6	24	16	10	10	16	14	10	10	90	47	9	6	8	7	6	17	135	67	6	4	4	2	2	21
27	34	26	23	19	14	11	13	80	85	25	7	5	5	8	20	100	116	22	2	1	3	5	15	47	82	26	8	9	14	11	12	31	16	11	17	25	34	29	25	96	41	13	9	10	13	16	43	100	100	26	8	4	6	7	24	55	105	54	14	6	4	4	9	20	10	6	9	25	53	40	23	71	25	13	11	17	27	25	38	67	51	40	24	12	8	7	25	32	74	56	27	12	5	4	7	13	15	11	11	21	36	26	13	18	16	14	15	22	31	23	17	23	27	24	20	14	14	15	16	18	23	26	20	12	9	10	13
18	10	12	31	69	44	11	10	93	34	12	10	12	8	10	47	63	21	9	9	12	15	18	42	15	10	9	17	31	28	17	14	21	6	4	23	99	88	15	10	121	27	4	6	19	17	12	62	69	19	11	17	18	17	20	39	18	14	15	26	37	26	14	14	11	6	2	9	83	118	30	7	107	45	7	4	22	68	37	35	59	43	24	23	19	14	12	17	17	16	17	28	34	18	12	13	10	12	6	6	27	82	34	9	20	9	3	4	20	90	71	27	28	22	12	11	17	35	38	26	12	12	13	18	24	21	20	14
14	11	14	22	27	33	38	27	26	13	11	13	18	31	66	68	41	14	7	6	9	20	67	86	23	11	8	12	20	29	40	40	27	17	16	25	34	39	35	27	101	24	7	7	10	22	68	95	31	8	7	16	36	54	83	69	17	15	19	36	46	34	23	21	29	18	15	28	41	38	26	22	117	63	12	11	13	14	15	45	43	30	22	39	60	44	17	14	10	12	21	47	61	39	16	10	25	20	16	18	23	24	20	22	66	44	21	14	12	14	16	36	31	33	35	39	34	17	9	14	9	10	20	43	50	26	12	9
15	18	23	29	27	20	13	12	22	31	38	34	26	20	24	22	26	38	43	30	17	21	29	22	25	32	30	20	15	17	19	22	24	15	21	38	42	27	16	16	102	25	13	14	17	33	72	84	22	12	12	20	41	91	99	47	24	22	23	22	25	35	40	35	31	14	14	30	41	32	21	21	117	63	21	24	17	12	16	50	28	27	49	93	75	37	15	10	18	28	50	55	36	19	15	15	23	18	14	15	22	23	22	24	48	37	29	32	24	14	16	31	13	20	42	75	55	21	10	8	22	24	33	37	23	14	14	18
16	15	13	21	38	25	11	9	36	26	16	13	21	22	17	22	15	16	14	13	25	35	20	14	16	18	13	10	13	17	12	11	23	12	9	28	83	53	11	10	116	31	7	8	23	31	29	60	24	7	6	9	59	104	44	23	19	21	15	13	26	38	20	12	22	8	6	27	101	66	10	9	126	53	4	6	29	23	9	36	60	20	4	10	68	99	26	14	12	10	6	10	47	75	32	13	15	10	10	23	72	47	11	9	103	45	8	7	23	21	13	40	63	39	14	15	33	34	12	17	8	7	8	17	51	52	17	8
36	40	19	19	38	29	11	11	101	83	17	6	6	6	6	26	42	34	17	14	18	17	14	19	12	15	13	16	27	23	14	9	33	17	8	17	75	78	22	14	129	49	6	4	12	13	13	71	63	19	9	14	25	32	31	40	15	14	12	16	29	31	22	14	24	10	9	27	89	71	15	10	127	75	9	8	19	16	7	32	79	50	15	15	22	23	16	17	14	11	10	17	30	28	22	13	14	13	14	32	67	41	10	6	98	69	14	13	23	17	8	19	76	69	20	11	10	7	6	14	12	16	17	23	23	13	8	8
5	8	8	6	3	2	3	3	10	9	8	6	3	2	3	4	11	4	3	4	3	3	9	10	6	3	3	6	11	9	9	7	20	17	16	12	10	9	7	9	81	38	21	13	8	7	6	16	129	39	6	7	16	11	11	33	21	10	11	33	74	28	11	12	34	19	13	15	19	12	10	17	120	34	11	12	15	13	14	45	146	39	4	11	33	15	9	60	31	11	9	51	124	51	8	11	27	13	8	11	18	15	14	17	100	36	10	7	11	12	14	43	129	55	13	13	25	10	6	42	24	15	10	43	106	41	9	10
11	12	12	19	33	43	21	10	69	50	17	11	18	21	13	21	100	51	6	2	3	6	10	36	26	11	5	6	13	15	13	17	24	26	13	14	32	58	33	17	69	37	10	11	48	81	37	21	127	74	5	3	4	7	9	39	41	14	8	11	18	17	11	16	56	67	27	14	15	19	16	20	54	34	8	4	24	82	86	57	114	19	4	5	6	20	60	99	34	15	13	16	19	13	9	15	58	53	14	9	12	13	15	24	82	70	16	5	5	10	21	38	42	32	16	13	14	14	22	32	15	13	13	15	19	11	6	10
43	104	57	10	3	2	2	6	52	99	40	9	4	4	4	8	26	28	14	8	8	8	9	12	9	8	6	4	6	9	8	7	71	95	46	13	8	4	5	14	137	106	24	3	1	2	4	36	79	27	9	7	10	13	15	30	15	11	7	5	7	9	10	11	101	43	13	9	11	8	8	44	142	49	5	2	1	1	3	65	91	30	12	9	10	10	8	27	18	9	7	8	8	7	8	13	89	27	6	5	8	10	12	49	129	40	7	2	1	1	4	62	62	29	12	6	6	4	5	25	14	10	10	10	8	4	4	9
11	13	22	27	15	12	11	9	39	29	20	13	7	7	11	18	66	30	9	2	2	5	11	38	34	16	6	3	6	10	14	26	14	10	10	15	20	39	46	21	68	29	14	11	14	34	38	28	128	49	5	2	2	6	12	47	51	20	8	6	8	16	18	29	10	6	4	4	14	70	100	34	32	6	3	4	13	76	105	49	118	40	5	2	3	18	46	68	52	35	16	11	9	10	11	18	10	6	4	3	8	64	94	29	8	3	3	4	14	80	108	34	31	13	5	5	13	43	65	38	28	20	10	9	10	14	20	20
25	28	24	17	10	7	8	14	51	41	18	11	8	7	10	22	31	22	12	11	14	15	18	25	14	13	12	11	14	17	19	19	39	34	31	28	19	12	9	15	120	52	15	8	5	6	11	48	54	19	16	21	23	25	28	38	18	18	26	33	22	17	16	18	51	25	17	19	20	19	21	37	123	54	16	11	6	5	12	58	43	32	53	66	29	12	9	13	9	19	75	97	29	7	5	6	41	23	14	12	12	13	20	36	61	38	40	36	13	6	13	39	12	18	81	112	35	5	4	5	6	16	80	108	27	4	5	7
31	31	18	12	10	8	9	14	104	80	13	3	2	2	6	27	104	66	7	3	3	4	7	29	22	12	6	6	10	15	12	14	35	24	13	11	13	13	19	26	106	85	20	6	6	8	13	29	133	104	10	2	1	2	3	28	48	19	7	6	8	12	11	17	34	16	9	7	9	13	27	37	89	25	7	4	6	12	38	86	133	48	7	2	1	2	10	95	50	26	13	8	7	8	9	18	26	20	14	9	10	13	15	19	66	58	22	10	6	6	10	27	94	98	28	5	2	1	3	21	36	50	24	8	4	3	3	8
19	20	14	11	8	6	6	10	41	26	15	11	12	13	17	27	14	16	19	23	28	34	24	15	13	18	19	17	18	23	17	12	36	20	12	11	12	12	9	14	125	29	5	3	6	23	39	74	26	6	5	8	36	115	80	32	12	13	10	12	26	71	53	17	38	14	6	9	15	20	15	17	134	65	4	2	4	9	10	41	82	31	7	5	27	97	56	23	5	4	4	10	42	107	65	12	22	11	6	6	12	17	13	15	102	51	7	3	4	7	10	34	76	55	22	12	11	17	12	21	7	12	16	23	38	50	21	6
56	35	8	4	7	9	10	22	37	22	10	9	16	17	17	22	33	17	8	9	28	35	19	20	7	8	9	18	60	51	12	7	91	80	13	5	6	5	4	15	62	35	18	20	22	15	10	19	75	26	9	9	25	28	15	25	10	5	6	21	91	71	13	8	111	104	12	4	6	5	4	12	89	55	11	9	13	18	16	26	81	23	8	10	19	17	15	35	14	8	6	26	87	56	10	8	94	79	7	2	8	10	6	16	96	80	13	5	4	5	6	19	50	40	18	15	14	10	9	17	12	13	13	28	56	27	7	6
8	13	28	34	23	12	6	6	23	26	34	30	19	11	10	14	35	24	20	16	14	20	31	36	15	20	16	15	21	36	31	15	10	12	20	31	26	15	12	9	55	35	28	27	26	18	12	14	127	39	8	4	7	26	46	82	23	6	3	5	21	96	99	40	12	12	13	18	22	21	17	14	57	17	11	15	24	31	30	31	133	79	6	2	3	9	17	56	73	45	9	8	19	61	57	35	10	10	10	9	17	26	18	14	27	20	14	10	15	22	22	24	105	82	10	4	5	7	12	31	78	73	19	9	9	9	8	20
52	85	36	9	6	4	5	12	60	83	34	16	17	12	9	14	48	71	40	21	20	14	9	13	63	64	18	6	8	11	9	19	69	69	26	9	10	12	12	21	121	75	14	6	10	14	14	42	58	42	18	22	46	51	27	26	94	80	16	6	6	7	7	26	59	19	7	5	10	19	30	49	119	44	12	8	6	6	12	55	47	30	21	30	43	34	19	22	69	46	12	7	9	11	16	33	33	15	6	5	8	13	24	38	50	24	12	9	8	8	17	41	34	23	14	15	14	15	15	24	35	22	13	10	9	9	11	21
14	16	27	28	21	22	24	18	20	18	20	21	26	35	36	27	16	10	10	18	32	45	40	27	13	13	14	21	28	28	23	16	21	32	63	71	33	13	8	8	113	61	34	22	16	17	17	37	26	8	11	41	86	60	27	20	11	18	33	51	52	26	11	8	29	13	18	37	41	38	37	36	120	39	10	12	16	12	23	73	31	12	13	54	106	58	9	8	10	12	21	46	72	47	14	9	27	14	10	12	18	25	34	39	56	26	15	14	16	13	26	58	15	13	16	37	72	45	14	10	8	7	9	28	61	48	21	11
5	5	19	86	73	13	5	6	38	16	22	56	43	12	10	26	90	20	6	5	5	5	19	83	34	11	5	6	10	15	27	48	8	8	29	105	76	9	3	4	86	36	25	38	21	7	8	34	124	46	6	3	3	3	11	71	43	18	12	17	19	17	18	32	15	8	14	53	66	22	11	12	93	35	10	11	12	11	17	47	121	64	12	5	3	3	7	46	39	33	23	24	19	11	8	13	13	7	7	17	36	30	17	15	61	28	9	6	9	13	18	39	78	60	17	8	5	4	7	27	29	35	24	21	13	7	6	9
13	13	17	21	23	22	18	13	26	26	26	21	21	18	16	19	50	34	20	14	13	14	18	34	21	21	18	17	22	23	20	19	15	13	13	17	32	42	32	20	33	24	26	36	54	47	21	14	115	49	18	13	13	14	17	48	29	18	18	29	43	41	28	24	14	10	8	11	29	61	51	24	21	6	6	16	52	91	67	24	103	49	27	17	14	34	38	43	25	34	48	50	38	25	17	15	11	8	6	6	15	61	64	25	8	5	5	7	22	89	95	28	13	12	11	9	21	78	91	31	14	13	17	14	19	41	60	32
21	27	36	33	17	11	13	18	29	37	35	30	28	22	17	17	21	20	22	38	55	33	15	14	55	35	15	12	12	10	12	30	25	33	55	64	38	14	8	10	112	66	34	21	21	19	12	34	39	15	10	35	95	69	19	20	87	40	10	10	16	12	13	50	29	11	14	29	40	37	40	40	115	37	14	17	18	14	26	70	40	18	18	55	88	44	17	22	82	35	12	11	16	12	16	52	23	11	8	7	14	26	44	45	36	15	11	12	19	25	41	58	20	12	12	23	39	41	32	27	37	21	15	15	14	15	19	33
23	24	15	13	15	19	17	17	15	18	18	20	36	61	31	13	7	9	9	13	57	111	46	8	15	18	11	9	34	83	34	9	26	29	27	26	21	13	11	19	24	36	58	70	48	17	6	7	95	48	28	17	27	78	37	27	15	6	2	4	53	122	56	14	18	20	19	28	28	17	12	14	39	14	16	40	52	30	18	22	122	35	7	6	11	17	15	56	27	12	10	19	57	80	25	14	12	12	12	15	23	21	14	11	30	16	10	13	21	24	21	25	71	35	11	9	8	7	14	37	21	19	16	22	33	24	10	11
27	29	24	18	21	23	18	19	20	27	23	29	48	51	28	15	46	57	34	25	28	31	20	19	53	57	24	11	10	11	13	22	30	52	62	39	21	14	8	10	102	57	32	18	22	46	45	41	37	18	8	10	33	105	88	40	59	39	15	9	11	23	40	52	35	19	18	20	26	33	31	29	119	53	15	7	6	13	20	56	52	28	19	15	27	65	48	27	24	15	11	13	21	39	49	37	24	19	13	13	17	22	23	24	61	43	22	12	8	10	16	35	43	45	31	18	12	10	9	19	17	24	22	20	21	17	13	11
22	24	26	39	29	10	8	11	85	59	21	17	10	5	9	31	38	24	27	56	37	12	11	21	7	12	34	71	44	13	6	5	29	21	28	49	45	21	11	11	123	57	15	17	15	6	6	43	42	14	24	103	96	16	5	14	21	18	36	71	42	11	11	17	24	7	9	20	35	46	49	31	117	40	15	23	20	14	26	59	25	15	21	89	100	29	10	12	35	17	13	25	26	19	25	40	17	10	9	11	16	30	44	31	29	14	10	18	28	29	38	42	13	9	12	30	53	43	24	18	25	14	10	13	16	19	25	32
21	17	22	28	21	12	13	19	15	13	27	57	49	23	14	15	56	21	19	33	27	13	18	63	50	16	9	13	13	12	29	70	20	28	41	46	26	11	9	13	29	24	52	93	55	16	7	9	119	54	28	29	11	4	11	72	47	22	44	62	29	11	15	46	16	20	32	38	26	18	16	16	35	14	20	44	43	37	44	44	110	51	37	30	14	14	26	55	21	27	75	85	29	10	8	10	15	10	10	14	18	23	30	26	28	16	11	11	16	26	49	51	23	17	18	22	29	34	44	39	14	9	19	26	23	28	35	29
9	10	12	23	34	35	23	14	26	15	15	20	27	32	27	35	58	12	7	6	7	16	49	93	23	8	5	8	14	36	53	54	14	7	8	13	30	55	54	32	46	15	9	15	53	78	41	27	121	45	9	8	9	12	24	80	27	12	19	49	56	37	30	27	25	17	12	12	22	39	43	35	21	7	7	13	55	102	58	24	106	51	29	26	20	29	28	42	17	24	50	84	57	13	5	6	20	20	18	18	17	18	18	20	13	16	21	30	40	38	22	16	17	21	26	34	41	32	20	16	11	14	26	37	34	22	20	16
15	13	13	29	50	37	20	15	58	27	14	14	21	22	27	52	25	13	13	23	38	41	33	30	19	17	16	21	24	18	17	18	24	11	14	46	82	48	17	13	116	34	10	16	29	23	22	72	31	10	13	43	86	69	32	28	21	17	19	27	37	27	22	21	20	16	24	55	76	36	12	10	102	89	66	34	25	12	6	20	25	46	82	82	57	19	7	10	25	23	24	26	27	22	22	23	11	16	29	43	48	25	13	10	24	39	43	31	26	20	19	17	33	40	43	27	15	14	17	22	25	27	24	18	14	13	16	20
13	7	6	28	77	29	6	6	113	32	6	10	19	8	3	22	132	31	1	1	1	2	3	31	23	7	3	5	10	8	5	10	15	5	4	32	110	43	7	5	125	31	6	11	27	15	5	24	148	42	2	1	1	1	1	28	35	10	4	6	12	8	5	10	14	5	6	34	106	44	6	6	119	23	4	10	28	16	7	32	146	28	2	1	1	1	2	42	33	9	5	8	11	6	3	10	11	5	6	24	73	35	7	7	98	20	3	6	19	14	7	34	116	28	4	2	1	0	1	31	21	9	6	7	9	3	2	7
11	5	6	46	87	30	10	10	99	25	8	21	34	11	9	61	73	17	9	14	14	11	16	56	13	8	11	25	28	19	12	14	21	7	9	80	110	23	4	8	126	28	6	21	31	7	7	70	69	17	22	50	37	15	13	36	17	18	27	42	30	13	7	13	26	9	13	76	90	17	6	12	125	66	14	20	18	4	5	38	47	32	31	60	41	14	11	16	23	17	19	30	25	14	15	22	23	7	7	29	43	22	19	27	79	22	6	9	11	8	17	65	31	15	12	23	23	14	19	33	16	10	12	22	21	13	14	21
25	22	10	7	7	4	2	4	112	60	7	3	1	1	2	24	72	34	10	8	8	10	10	25	19	15	10	11	17	20	15	14	40	12	7	7	10	8	5	12	147	33	2	1	1	2	6	81	103	23	10	11	16	20	26	59	27	21	14	13	18	22	21	23	39	12	6	6	9	11	9	13	148	96	5	1	1	2	3	27	116	69	14	11	13	17	15	24	28	17	10	14	20	23	23	24	17	11	6	6	10	11	6	6	126	93	7	2	3	4	3	13	113	97	17	5	4	4	5	15	26	29	18	16	16	12	9	11
13	14	19	23	22	18	15	14	19	23	30	28	21	18	17	17	29	26	27	22	18	15	18	24	32	22	16	12	12	15	22	33	16	18	21	28	32	27	19	15	23	28	44	60	51	29	11	9	108	51	28	18	11	10	18	45	53	15	8	9	13	21	46	70	15	15	16	23	36	36	23	17	25	9	11	32	63	65	36	23	120	33	5	4	8	16	26	81	87	22	6	5	8	11	36	90	13	12	14	17	26	37	28	16	22	12	9	14	27	44	53	44	81	14	3	3	5	14	48	106	71	14	6	5	6	6	30	91
48	57	26	17	11	6	5	12	92	76	13	8	19	12	5	16	15	9	6	24	74	27	5	5	10	8	6	11	21	8	3	5	59	49	31	28	23	12	7	15	137	80	11	7	21	10	3	28	39	8	4	34	121	42	5	8	15	10	7	12	27	10	5	9	67	20	13	18	22	18	19	48	138	31	4	10	22	5	8	84	38	8	4	42	121	34	5	9	14	9	5	10	26	13	8	10	63	13	5	6	11	13	23	64	103	17	4	12	20	6	10	85	14	4	6	31	77	24	7	9	10	6	6	10	19	10	7	9
28	13	8	13	13	6	5	12	122	27	4	5	6	2	4	46	57	8	6	51	78	15	6	24	6	5	11	55	70	14	5	5	43	16	10	14	16	8	5	11	142	33	4	10	14	3	2	45	61	9	9	101	118	13	3	12	12	8	13	62	66	13	8	10	46	14	8	10	12	9	8	17	140	48	12	23	17	2	3	33	34	16	17	100	113	13	2	4	18	13	13	36	43	13	8	13	34	11	4	5	8	8	8	19	82	26	9	17	18	6	5	28	16	9	11	44	70	22	5	7	15	10	10	17	25	14	9	12
7	7	7	30	80	43	7	4	77	56	16	21	44	23	5	12	113	66	8	8	26	15	6	23	14	8	9	30	81	41	7	6	7	8	7	26	79	56	13	5	72	34	8	17	73	66	15	14	130	73	7	8	28	14	5	27	25	8	7	32	103	53	10	8	10	12	12	22	42	32	11	6	38	8	4	13	54	64	30	32	125	24	6	7	19	14	16	69	24	7	9	28	78	40	11	10	8	10	10	13	18	16	10	6	20	13	9	9	17	17	14	18	49	23	11	9	10	6	7	24	13	9	10	20	31	13	8	7
11	8	8	24	58	30	11	9	35	20	13	43	99	43	7	9	120	47	8	8	12	7	9	52	40	15	6	7	13	16	18	27	14	15	12	23	62	37	15	10	49	17	7	43	129	79	10	9	137	63	5	8	17	10	8	47	52	19	10	12	17	18	14	21	16	17	14	14	34	32	17	14	22	5	4	13	90	111	55	27	128	28	5	3	10	31	46	80	39	23	18	15	14	11	9	15	13	14	13	10	12	15	12	12	14	12	10	10	19	34	27	16	25	15	10	9	13	22	28	27	15	16	13	11	12	11	10	11
14	15	16	20	22	25	28	17	14	17	22	23	28	39	37	22	17	16	16	16	28	49	48	29	15	15	14	14	19	41	47	23	13	23	34	42	35	24	18	11	23	38	69	66	38	24	13	9	107	57	32	16	11	25	35	50	24	7	6	10	27	71	74	35	15	15	24	38	40	35	23	14	31	18	26	41	48	56	37	26	116	79	30	10	6	11	18	57	36	45	40	34	32	30	21	15	11	16	28	41	36	22	11	8	14	30	50	51	33	22	14	9	38	90	71	26	10	8	9	12	24	70	69	30	11	5	6	8
26	22	16	23	32	21	12	13	74	37	13	11	13	12	15	38	21	10	10	26	46	34	23	22	15	14	16	21	28	23	14	13	30	13	10	19	64	73	28	16	120	42	9	10	19	20	15	54	32	10	15	57	87	46	18	19	18	18	23	32	41	26	18	15	17	7	5	11	60	101	47	17	95	49	40	33	38	55	31	30	21	29	66	100	64	17	7	8	26	28	29	34	27	17	16	23	15	21	20	21	40	44	18	10	10	13	20	35	70	65	25	11	20	18	26	37	42	37	25	22	28	22	18	18	15	17	21	29
22	23	20	16	13	10	14	18	24	29	35	24	12	11	14	18	18	23	32	29	21	17	17	16	11	15	20	24	24	21	18	14	21	26	26	28	25	18	18	20	21	41	83	83	48	15	6	7	103	75	65	29	12	11	10	30	25	14	15	21	32	43	31	24	17	14	14	33	52	33	24	20	40	15	18	69	100	48	10	13	124	76	16	10	14	11	7	50	41	32	20	19	29	39	23	19	14	13	17	41	55	27	10	9	20	18	19	58	82	37	11	8	89	99	28	12	12	9	9	18	41	65	37	19	13	9	7	13
63	57	22	9	6	5	8	23	75	59	19	10	8	9	12	32	29	29	27	27	27	21	15	20	19	23	21	19	21	21	14	13	79	54	18	7	7	10	14	32	119	53	11	6	8	11	15	58	34	18	21	43	63	46	23	24	32	35	27	25	23	18	14	22	77	55	16	6	7	11	15	31	113	83	44	19	6	3	6	31	25	38	62	70	53	21	8	9	35	38	29	24	22	15	16	22	42	59	27	10	10	13	10	12	40	82	69	26	7	5	5	8	22	58	76	42	12	6	5	9	27	46	44	24	10	7	6	13
13	15	26	31	23	18	20	19	37	24	25	25	19	18	27	37	35	14	12	17	15	18	37	50	13	10	19	27	24	21	25	21	22	24	52	67	36	14	9	10	114	51	31	25	11	7	13	51	42	15	35	76	43	18	23	34	13	22	57	68	31	12	12	13	27	11	17	33	35	35	39	33	108	54	31	24	12	13	26	54	23	21	54	98	49	25	30	21	24	20	32	38	19	20	49	43	18	9	7	10	14	29	53	42	29	13	10	9	13	29	64	62	18	9	10	11	15	42	79	55	13	6	8	12	13	28	69	49
17	66	65	20	4	2	3	5	32	108	64	7	1	1	2	4	34	67	20	5	5	4	3	7	8	9	5	5	8	7	5	5	21	52	50	26	12	8	8	9	64	120	69	14	5	4	4	10	131	115	21	2	1	2	3	19	28	12	4	6	8	10	7	10	26	27	21	17	17	16	13	19	110	32	16	10	7	9	15	75	136	27	3	2	2	1	5	100	35	9	6	8	10	8	5	14	23	12	8	8	12	21	27	30	98	18	4	3	3	6	20	86	110	23	5	4	3	1	5	73	18	9	6	9	9	4	3	10
13	9	15	28	24	18	16	17	15	14	24	42	36	21	16	16	21	18	20	29	32	26	24	26	14	10	12	23	30	28	26	22	12	8	18	56	46	20	17	18	21	22	47	98	69	14	7	8	109	56	31	29	20	16	20	40	22	9	12	45	63	44	31	20	7	9	27	87	62	14	7	8	41	13	22	85	74	21	15	26	116	49	27	38	20	6	10	49	19	16	36	94	71	14	6	7	6	8	23	60	50	20	10	7	36	21	22	37	31	19	24	32	48	39	36	46	26	10	13	26	15	13	28	60	40	13	11	16
14	11	15	15	14	12	13	14	13	16	28	31	22	14	12	11	27	28	26	18	12	10	13	18	16	14	12	10	15	19	17	15	28	28	23	24	28	19	16	20	23	24	41	76	88	41	11	9	117	62	31	22	12	11	14	41	41	19	11	12	23	34	29	28	41	52	31	17	21	18	19	26	29	23	14	24	77	102	64	28	116	64	26	15	20	40	44	58	52	65	40	20	20	22	13	17	37	53	29	16	15	12	14	21	35	54	36	33	38	33	20	17	30	51	39	42	51	36	20	15	54	72	38	15	12	10	9	20
2	1	2	1	0	0	1	1	7	3	0	0	0	1	1	2	4	3	3	4	4	5	4	3	4	5	6	6	7	6	6	5	41	16	8	8	8	4	4	14	135	32	4	3	6	7	7	38	46	12	11	29	52	40	18	20	20	17	14	17	22	24	18	21	84	19	9	14	19	14	20	65	144	55	13	12	11	6	13	99	78	36	25	45	60	49	24	31	32	21	16	18	28	39	35	36	79	17	5	8	14	14	27	80	113	31	12	11	14	13	24	102	53	29	22	25	32	32	25	40	25	21	25	26	29	23	20	24
59	58	24	12	9	7	13	26	28	32	36	49	40	23	16	17	21	19	29	44	48	36	25	22	27	18	14	14	18	26	39	37	73	72	31	18	15	10	15	32	33	47	72	91	61	25	8	10	110	62	41	32	17	18	23	44	38	14	9	13	20	34	47	43	64	31	13	10	15	20	32	61	34	14	11	24	65	90	54	36	114	35	8	7	11	28	36	68	38	27	20	22	21	21	15	18	38	22	12	10	11	16	24	36	28	20	15	15	25	36	29	25	35	22	13	11	15	22	28	32	20	20	17	18	15	13	13	16
6	13	29	51	60	34	8	4	37	65	60	35	21	14	6	9	72	64	29	12	8	11	14	31	23	19	16	14	17	22	23	23	4	4	7	26	72	92	32	7	51	41	19	19	52	90	33	14	124	74	11	5	6	11	15	49	37	16	14	20	24	29	26	25	9	9	11	14	36	71	40	14	18	6	5	7	36	111	93	35	110	28	11	9	8	25	60	85	30	24	28	30	24	16	12	16	12	18	21	19	22	23	14	10	15	20	24	23	22	30	29	19	21	22	24	23	19	19	25	25	14	18	22	22	16	15	13	13
20	25	23	20	20	18	16	17	39	31	19	15	21	30	33	32	11	7	7	13	43	84	60	22	9	11	11	11	36	79	46	11	28	21	23	33	39	29	16	16	114	41	15	12	11	15	23	66	32	9	8	13	37	79	64	38	6	4	5	10	53	102	58	13	25	15	13	21	41	43	24	18	109	77	32	12	12	15	13	33	40	65	60	35	25	22	13	12	13	20	22	29	52	51	23	11	14	22	22	22	27	26	14	11	31	50	37	23	21	20	14	17	32	66	55	25	14	9	9	13	17	36	41	34	26	13	8	9
14	16	22	27	18	16	19	18	32	18	21	23	20	21	36	47	32	12	11	11	11	23	66	76	24	10	7	6	9	26	61	59	28	22	30	39	28	18	13	15	117	39	18	14	8	9	31	84	48	21	28	23	14	23	68	83	27	30	33	19	15	22	43	43	26	13	12	21	29	31	25	20	111	81	46	19	9	10	12	30	29	70	106	66	15	6	8	10	28	71	83	33	10	6	7	11	13	13	13	15	17	19	19	15	23	25	26	22	18	20	21	21	21	30	44	30	17	18	21	22	28	38	39	17	9	10	16	24
8	8	12	19	20	13	10	9	20	14	17	21	19	17	17	23	64	16	11	10	7	10	33	93	47	13	5	4	5	14	55	91	12	12	11	15	19	19	16	13	49	22	17	23	32	30	17	20	129	42	8	4	4	5	22	108	66	25	18	13	13	20	51	86	16	14	11	11	15	17	17	15	39	13	9	15	29	44	36	27	125	106	41	9	6	11	15	36	45	95	94	36	11	5	7	12	13	11	9	9	12	17	17	13	16	17	17	18	19	23	21	16	23	51	41	21	20	18	18	14	23	64	66	20	7	7	12	15
14	9	7	8	6	4	6	11	37	12	5	5	7	13	28	44	17	10	6	8	15	25	35	28	10	10	7	6	9	9	9	9	54	18	9	10	10	6	7	19	143	40	9	8	11	24	52	120	40	14	14	48	90	91	70	54	13	11	9	18	28	22	12	11	51	18	5	7	9	9	11	17	141	123	80	30	9	6	6	34	33	55	101	115	78	25	8	10	15	16	18	29	23	11	8	10	12	7	4	5	7	8	9	9	24	35	31	13	8	6	6	11	18	24	36	22	9	5	8	12	13	11	8	7	7	5	6	9
19	52	58	31	14	8	6	8	26	80	86	27	8	5	5	8	25	57	68	34	16	10	8	11	18	22	28	24	20	17	15	15	14	25	35	31	35	36	22	13	30	70	87	42	23	24	14	10	113	88	54	15	6	7	10	34	37	22	20	21	21	23	26	28	9	8	10	14	31	62	56	23	24	8	9	13	28	75	84	46	113	41	16	9	7	17	43	73	35	35	35	30	20	16	14	16	14	13	10	9	17	40	45	25	15	10	8	11	21	50	64	35	24	19	15	14	22	34	46	33	20	25	23	17	14	19	22	19
24	32	34	23	15	16	22	20	50	44	22	11	12	28	42	39	18	9	7	9	24	66	71	35	9	7	8	10	23	61	63	25	30	42	51	43	30	24	19	18	117	77	29	11	7	9	14	48	42	18	31	48	37	29	27	26	13	20	32	34	32	38	28	13	25	10	10	13	24	48	74	56	104	36	28	26	17	19	43	72	27	32	72	89	40	14	8	10	28	41	46	36	18	13	13	18	25	18	14	12	13	24	40	38	17	13	17	27	42	40	34	29	18	16	20	30	42	38	29	23	25	25	21	18	14	17	23	23
18	14	15	31	29	14	10	15	68	27	12	13	10	7	14	50	94	23	5	5	7	8	23	78	21	7	8	28	45	29	24	29	27	13	11	21	24	19	26	36	82	37	14	10	10	19	30	46	122	66	11	11	13	6	8	46	24	12	17	72	83	25	9	12	36	14	7	9	13	18	37	57	41	10	6	6	9	34	78	79	100	35	24	35	20	12	30	62	15	15	31	88	77	18	5	6	34	20	12	8	8	12	23	40	34	24	24	26	16	13	24	41	16	23	41	56	36	14	12	15	11	14	26	53	36	14	10	12
41	84	53	13	5	5	6	13	38	73	39	17	17	18	15	15	16	20	23	31	39	33	20	15	13	14	20	27	30	24	16	13	52	82	52	18	11	12	16	23	117	93	29	9	9	11	14	42	30	16	26	60	71	43	20	18	14	25	40	49	37	20	12	12	50	19	9	7	10	24	53	69	110	46	31	26	14	10	24	68	23	24	50	88	73	27	10	9	21	26	30	38	36	27	20	19	37	24	14	11	10	12	24	40	30	27	28	31	26	18	18	28	22	23	27	35	36	30	21	19	21	17	15	17	25	28	22	21
22	29	29	24	14	9	7	11	68	51	26	17	10	7	9	24	59	45	23	12	8	10	15	28	21	30	21	11	14	21	17	15	33	27	32	36	24	13	8	12	121	51	18	15	9	5	9	46	56	46	56	67	40	12	10	21	26	83	79	29	11	7	4	5	40	16	14	22	21	19	21	33	118	41	17	24	17	7	11	54	26	27	48	104	87	22	5	6	36	79	68	32	17	8	7	13	32	15	9	10	12	14	23	35	53	24	15	19	25	15	17	39	12	11	15	43	69	45	20	11	28	27	17	16	22	22	22	25
45	31	18	14	10	9	15	35	55	33	27	21	12	12	22	50	37	33	36	30	20	18	21	35	39	24	16	12	12	15	24	45	46	33	26	20	11	9	17	37	39	47	93	88	23	6	7	20	114	75	66	32	7	4	9	46	60	33	26	20	13	12	24	50	19	24	31	33	19	13	11	15	44	20	36	60	34	21	17	27	120	77	48	17	4	3	7	51	36	56	89	53	13	5	5	11	9	11	14	20	18	18	15	11	22	19	19	21	15	18	21	20	34	50	52	26	10	8	12	17	24	39	60	31	7	7	9	16
17	13	13	15	11	9	12	20	30	11	11	13	11	10	30	59	43	8	5	5	4	8	55	100	35	6	2	3	4	11	46	75	38	22	18	18	11	8	12	23	120	28	6	4	3	5	43	113	53	8	3	3	4	14	88	121	29	8	5	7	9	15	42	62	42	18	10	14	14	16	17	23	133	82	4	2	2	3	9	54	102	47	11	8	8	12	25	39	23	14	10	14	16	14	18	22	28	8	4	6	10	15	25	39	102	27	3	2	2	5	20	79	74	32	12	8	6	6	10	36	16	14	15	18	14	9	9	11
13	14	13	11	12	11	10	9	17	16	13	14	13	11	11	10	40	19	7	5	5	6	7	20	17	8	4	4	9	13	8	13	23	40	23	16	15	14	13	12	35	23	20	27	29	22	12	11	106	34	8	5	5	4	5	25	35	11	4	6	14	13	8	14	29	105	81	18	7	6	7	7	47	83	57	18	20	29	19	17	113	52	17	5	4	7	11	42	38	27	19	16	16	9	5	11	18	97	89	24	13	13	7	5	41	133	106	11	3	3	4	6	57	118	70	9	2	1	3	10	27	57	44	20	10	4	4	7
16	13	16	18	27	30	22	16	64	63	22	14	23	22	12	14	110	84	9	3	4	3	2	17	21	12	5	7	12	8	5	7	23	19	15	21	34	32	27	27	58	42	16	46	87	41	14	13	136	100	8	7	8	3	1	20	45	17	6	7	11	8	5	10	21	27	37	40	32	16	12	18	58	12	17	48	79	32	18	54	135	20	2	3	7	5	10	107	43	12	7	8	9	6	6	17	17	14	21	25	22	20	22	23	62	10	9	15	17	13	33	90	95	10	3	3	4	3	13	98	17	7	5	7	9	5	7	15
21	13	13	14	13	6	6	13	88	21	10	8	5	3	9	61	95	16	3	2	3	4	19	88	38	12	6	6	8	12	24	44	39	16	14	15	15	9	8	17	128	30	7	4	3	2	8	88	110	37	16	6	5	6	19	78	44	34	19	13	13	12	14	26	33	14	8	9	15	14	11	16	123	95	24	4	3	3	4	25	69	112	74	14	4	3	4	12	34	70	56	22	9	5	5	10	14	13	9	7	12	14	10	11	43	53	22	8	8	9	8	14	36	84	58	15	5	5	6	11	25	66	60	19	4	3	5	9
10	6	6	12	14	12	12	14	43	9	6	10	13	13	16	38	144	10	1	1	2	2	8	119	82	5	1	2	4	5	12	76	14	9	7	10	15	15	15	17	80	21	10	16	23	16	12	24	156	36	2	2	1	1	3	74	93	15	5	6	8	5	7	43	14	13	11	13	16	13	10	12	83	17	10	17	26	19	12	25	156	47	2	1	1	1	3	41	95	29	9	6	8	4	4	19	11	8	8	12	15	13	10	9	63	18	9	9	13	12	13	31	150	41	2	1	1	1	5	52	74	24	6	6	6	4	5	20
12	12	32	67	21	6	8	14	26	21	43	74	26	7	6	13	34	17	16	21	14	10	13	28	19	11	8	9	10	11	14	18	17	21	74	127	37	2	1	4	125	47	48	65	12	2	6	43	64	16	10	14	15	14	23	47	25	17	11	12	13	11	14	22	50	26	44	99	48	8	5	18	135	62	13	13	5	2	3	45	75	32	19	21	18	12	11	23	26	16	14	15	15	10	12	20	56	19	12	27	31	17	15	37	118	46	7	3	3	3	8	57	57	32	13	11	10	8	12	27	18	15	14	18	15	9	11	15
47	36	13	7	6	4	4	17	64	42	12	5	3	4	6	21	61	30	7	3	3	4	8	26	26	15	4	3	6	9	11	17	77	66	19	8	5	4	6	22	106	48	14	6	4	4	6	47	100	30	7	5	3	6	10	45	45	19	5	5	6	9	11	24	96	94	20	4	3	4	4	16	120	95	14	3	2	3	4	27	103	60	16	7	3	4	5	30	50	31	12	8	6	6	6	19	69	81	15	5	7	11	8	11	101	115	18	3	1	2	2	11	88	91	21	5	2	2	2	13	39	43	20	11	6	3	3	9
21	20	11	12	18	32	31	24	11	11	13	19	32	63	50	18	16	11	9	10	23	66	68	31	14	14	9	5	12	50	59	28	37	61	35	18	18	18	16	15	24	27	40	59	55	35	16	9	97	39	17	12	12	32	43	48	20	7	4	7	21	71	70	30	35	94	59	16	9	8	4	4	40	57	39	31	38	31	20	16	113	48	14	7	6	11	18	49	32	27	23	25	26	31	18	13	23	61	35	11	10	18	14	7	43	86	47	9	4	8	11	12	53	78	40	11	5	6	8	15	22	41	38	24	13	9	6	8
7	6	11	28	48	26	10	8	22	32	30	31	30	15	7	9	51	50	25	12	8	7	8	18	21	17	12	10	13	13	13	15	6	4	6	29	87	51	14	9	27	31	32	65	100	31	5	5	125	80	25	13	9	5	7	31	40	19	11	13	14	16	20	24	5	4	6	33	106	53	9	6	36	8	6	45	120	56	13	22	128	48	12	8	12	9	10	64	44	26	24	24	17	11	9	17	5	6	9	34	85	38	6	3	22	12	8	34	91	44	15	16	84	54	18	10	12	9	11	35	33	32	23	18	12	7	7	14
19	55	64	27	8	4	4	6	24	64	73	30	11	7	6	8	41	59	41	17	13	12	13	20	21	28	23	15	17	18	19	19	25	58	59	26	12	7	8	12	44	81	78	26	10	8	8	13	114	86	34	7	5	6	12	39	34	25	25	26	25	27	25	25	34	29	17	14	14	15	22	33	63	28	18	11	12	21	42	62	114	56	42	22	6	5	15	64	25	32	73	66	26	11	6	10	25	22	15	12	12	18	25	27	40	38	33	22	13	12	20	33	28	45	71	49	16	8	10	16	20	31	66	47	11	6	7	15
13	23	24	40	49	22	7	6	55	84	39	16	8	6	5	13	61	67	23	9	8	11	9	19	23	18	11	11	13	16	14	15	10	12	12	41	89	48	10	6	58	82	41	23	25	17	8	12	123	98	21	5	4	5	5	27	41	21	11	14	16	17	15	20	8	7	10	40	99	56	10	7	67	20	11	16	29	29	31	56	125	30	5	4	3	5	16	89	43	15	12	16	18	16	14	26	8	6	7	25	71	50	15	9	63	25	8	7	17	24	24	52	88	32	10	8	6	6	14	56	31	18	14	13	12	10	11	21
24	19	15	12	10	6	8	16	45	24	14	8	8	8	18	40	26	17	14	15	23	23	24	30	11	11	13	26	39	28	13	11	49	31	19	17	13	8	8	18	119	34	7	4	5	12	33	81	29	7	6	16	51	74	58	41	10	7	11	32	73	50	16	10	59	27	15	15	14	11	15	33	128	65	8	6	6	5	10	61	48	25	15	39	77	53	15	15	6	5	10	49	98	50	11	6	55	16	5	7	10	11	21	52	101	29	9	7	6	5	16	81	30	18	18	42	61	27	13	20	7	5	10	50	85	34	11	8
14	17	23	24	19	15	15	13	28	28	23	17	18	22	24	25	17	26	31	24	24	30	24	19	14	29	33	23	17	17	15	12	26	22	27	34	37	34	19	14	110	39	14	9	12	30	43	67	20	10	11	16	67	104	57	25	18	24	27	25	37	46	26	16	21	9	7	12	37	78	66	27	117	50	11	6	12	32	49	65	40	27	17	24	72	88	32	16	10	8	8	14	49	84	47	17	16	15	13	9	16	43	51	25	29	21	15	12	17	39	60	43	26	30	21	18	27	39	32	23	9	11	12	17	34	52	31	12
15	31	48	37	19	10	8	11	41	65	49	24	10	8	9	12	25	34	28	20	17	17	15	14	12	18	18	16	18	21	16	10	23	33	56	66	46	21	9	11	117	70	36	22	12	7	10	46	48	30	34	48	39	19	14	21	27	39	33	23	18	15	9	13	37	45	45	37	34	24	16	24	108	74	50	20	9	6	10	44	32	45	66	63	38	14	8	11	38	43	30	18	12	11	13	20	27	61	57	27	15	14	9	10	39	86	78	26	7	4	6	13	30	65	68	31	12	8	7	12	27	42	40	20	8	6	8	12
16	19	29	14	6	6	10	15	17	25	41	17	6	6	10	13	19	26	23	10	6	5	7	11	7	7	6	5	6	8	7	7	11	38	90	52	10	4	4	7	23	62	131	80	7	2	2	4	121	99	66	14	2	1	2	19	30	13	6	7	9	9	8	12	8	25	69	60	29	12	7	6	96	38	66	55	16	9	10	35	138	53	10	4	2	1	4	73	46	18	10	13	13	7	6	13	12	12	18	28	29	23	18	13	84	36	14	12	11	14	19	41	124	74	12	3	2	2	4	35	34	31	16	13	10	4	4	8
18	29	36	33	29	16	8	7	67	65	36	16	9	5	6	19	47	32	14	10	12	14	18	26	16	16	10	10	18	23	19	14	20	14	18	33	70	69	18	10	121	52	18	10	11	12	11	60	70	34	27	15	12	17	18	35	22	27	19	14	17	20	16	14	12	6	4	12	72	105	33	10	91	75	45	14	30	47	19	24	42	96	91	25	8	6	4	8	33	58	34	14	12	10	8	11	10	15	11	16	51	66	18	6	11	19	18	21	60	79	27	10	44	62	35	11	13	26	19	22	42	54	27	9	6	6	8	17
26	57	54	23	9	6	6	9	44	76	48	14	6	4	7	12	25	43	37	16	11	8	10	13	13	24	28	14	12	12	10	10	38	45	45	30	17	19	16	14	117	69	25	7	3	4	8	42	46	28	28	22	21	20	17	23	23	30	30	17	13	11	10	14	23	6	6	8	12	54	100	47	104	38	15	6	4	24	75	67	33	35	43	32	22	24	29	18	25	28	26	16	12	15	20	21	14	8	5	3	4	38	102	48	9	5	5	4	11	62	113	44	9	8	8	7	15	61	85	29	13	13	10	8	11	32	50	24
66	46	20	13	10	12	18	36	88	49	14	6	5	9	20	53	28	19	16	14	17	29	33	29	15	14	13	12	16	29	25	16	65	25	9	6	15	56	64	50	123	43	6	2	4	14	29	81	38	13	10	11	25	57	55	39	16	15	11	11	18	36	34	21	23	10	5	5	20	89	86	36	115	58	14	6	11	38	43	49	57	52	25	15	18	36	25	17	13	13	11	12	17	35	33	16	17	24	22	15	21	44	30	14	31	31	22	17	28	47	33	21	43	53	30	16	11	14	12	16	14	23	25	20	14	13	10	8
18	22	29	25	16	16	17	17	30	27	25	22	21	22	28	30	21	19	23	33	34	30	28	24	14	18	30	35	28	19	15	14	27	34	49	44	24	15	13	14	110	53	25	15	15	20	26	49	24	10	16	45	86	70	35	21	16	21	35	43	45	33	22	16	30	16	18	22	23	33	45	39	110	50	32	22	12	12	23	55	22	25	47	67	80	47	15	8	12	16	29	38	47	42	33	18	20	28	39	27	14	14	21	22	21	41	78	59	18	9	12	16	11	40	90	71	21	9	7	8	13	26	54	47	22	14	13	10
96	37	10	9	7	3	7	54	110	36	5	4	4	4	9	61	84	29	4	3	5	6	11	38	24	10	4	4	10	11	11	16	117	26	4	4	4	3	14	96	115	39	10	10	11	9	12	62	118	52	8	4	4	4	6	26	35	15	8	8	12	10	9	13	100	13	2	2	4	5	22	112	81	15	5	7	16	23	32	69	106	30	8	4	4	6	12	43	31	18	12	13	10	6	4	10	69	16	4	4	5	5	16	66	43	15	8	10	14	12	19	44	45	18	10	9	8	7	11	27	18	12	11	13	10	5	5	11
69	39	15	9	8	7	9	33	84	38	9	4	6	20	26	43	22	8	5	8	37	96	56	19	7	5	5	8	50	115	57	10	90	39	10	7	9	7	9	38	115	44	10	6	7	7	10	42	64	20	9	10	25	48	27	26	10	4	4	8	51	104	48	12	86	28	6	5	9	9	13	43	109	36	8	4	7	9	13	42	70	27	14	12	16	18	12	24	19	12	8	13	37	45	19	13	61	29	6	3	7	9	12	30	73	34	10	5	5	6	10	32	45	26	13	10	10	8	10	20	15	14	11	18	22	14	8	8
24	15	9	9	10	9	6	12	58	28	9	7	12	12	11	22	18	9	6	21	77	54	16	11	6	7	7	33	112	67	8	3	28	15	11	12	14	14	8	12	108	34	8	7	11	11	9	34	41	10	6	27	96	60	14	13	5	5	6	36	131	85	9	3	27	11	7	8	13	16	12	16	107	32	7	7	10	9	10	31	46	16	10	28	82	44	9	12	6	4	5	29	125	86	11	4	19	12	7	6	10	10	8	12	50	25	9	6	9	8	9	20	29	18	10	18	41	22	9	13	5	3	5	24	96	57	9	5
10	12	26	54	45	15	9	9	43	40	40	33	17	8	7	19	45	45	34	17	11	8	10	21	43	39	19	9	7	7	9	20	17	12	24	72	72	18	4	6	104	33	18	22	16	9	12	41	54	30	21	23	27	26	21	28	75	50	17	9	6	6	9	32	20	7	12	45	56	33	23	22	101	43	15	12	10	12	27	51	46	29	29	32	26	20	33	45	76	30	10	6	5	6	24	69	15	5	4	8	17	34	60	49	26	6	3	2	5	26	90	84	22	5	4	4	6	24	88	86	33	8	5	7	7	10	45	74
45	31	15	14	13	8	6	12	159	75	5	2	1	0	1	23	94	25	3	2	3	3	4	15	7	5	3	4	8	8	5	4	56	23	14	18	21	12	8	15	168	44	3	2	2	1	1	43	137	17	4	4	5	3	4	25	11	6	5	5	9	6	4	6	59	16	9	14	21	14	11	23	168	43	2	1	2	1	2	49	135	26	5	4	5	3	3	17	11	7	4	5	9	5	4	7	51	12	5	8	13	11	14	37	160	20	1	0	1	1	5	82	88	15	4	4	5	2	3	25	8	6	4	7	8	3	3	5
18	19	21	22	19	16	16	15	34	31	28	26	22	20	20	22	101	60	19	7	5	5	10	47	62	34	12	8	10	11	14	36	21	27	30	28	22	21	22	19	38	38	47	52	34	27	25	18	123	79	19	10	4	3	8	50	79	46	23	14	12	10	12	32	26	21	19	19	22	27	37	34	33	16	12	15	18	47	102	70	112	44	20	11	9	16	61	84	51	64	51	23	13	7	6	13	27	28	21	17	14	16	17	22	45	47	33	19	11	12	24	33	27	41	40	31	26	18	20	21	30	41	33	19	16	12	11	17
12	9	14	20	20	14	13	14	30	18	16	24	23	15	14	19	105	29	6	8	13	5	8	49	31	7	6	41	82	17	7	18	13	15	19	26	26	15	10	13	45	27	25	44	35	16	8	10	133	51	8	16	22	4	3	32	31	9	9	79	117	15	2	8	11	17	24	30	25	13	6	8	60	17	17	29	28	19	12	29	130	26	5	25	36	4	5	52	22	8	8	93	126	14	3	5	9	9	12	18	21	17	11	8	56	22	12	12	12	10	12	32	90	30	10	29	37	7	5	34	12	6	7	63	100	20	6	9
14	19	45	61	25	8	8	10	46	51	53	49	18	6	7	18	41	32	26	29	17	12	19	33	8	10	22	46	35	20	15	12	20	20	57	91	44	9	4	7	121	60	40	36	10	3	6	51	58	24	44	74	29	12	14	34	7	13	47	85	40	11	6	7	26	15	21	44	38	25	21	22	110	73	52	27	9	7	10	32	21	34	94	102	24	4	3	6	12	18	57	72	26	8	7	10	15	13	15	20	20	18	16	18	23	26	30	29	19	14	14	17	15	19	36	42	21	11	12	15	14	15	24	28	17	11	14	16
11	16	24	32	26	16	11	8	12	23	37	55	41	18	8	7	51	48	36	26	16	9	11	28	48	34	17	8	8	11	19	36	11	12	19	33	42	32	17	10	23	18	33	68	76	36	9	6	120	48	20	18	11	6	14	63	65	27	12	8	10	18	33	57	9	6	7	15	41	55	31	16	19	5	5	21	80	99	39	15	119	77	19	7	14	27	19	39	59	76	43	18	11	11	11	17	11	10	8	10	27	42	25	16	5	5	6	17	65	83	31	9	32	46	18	14	35	48	25	16	44	65	35	11	6	8	10	18
13	9	16	23	15	13	15	17	8	13	26	38	27	18	13	8	23	22	22	20	14	12	13	16	15	10	10	10	10	13	16	16	10	17	67	83	17	7	8	10	20	26	85	120	32	6	3	4	119	69	41	25	6	5	8	31	32	14	12	17	16	20	20	20	6	19	93	103	22	6	4	4	74	27	66	90	17	6	15	43	128	55	20	12	5	3	9	63	30	26	38	38	22	11	6	9	15	11	22	31	23	26	26	24	63	25	13	10	8	13	34	64	69	43	26	16	9	7	14	42	18	24	33	28	15	9	9	13
20	53	89	37	10	7	10	15	22	61	74	30	16	13	11	12	15	21	21	14	14	14	12	13	7	8	6	5	8	9	9	8	31	66	109	73	35	31	20	14	128	109	74	20	6	7	12	50	55	20	15	14	16	18	18	28	8	10	9	7	8	8	6	6	31	14	15	19	39	83	84	48	124	55	26	13	10	21	43	83	48	37	38	29	16	8	5	11	8	11	12	9	7	6	4	4	18	20	23	22	25	38	36	21	31	27	26	24	22	21	25	31	23	25	22	16	11	9	8	12	9	11	12	8	5	5	4	5
9	6	5	12	38	17	8	8	25	7	4	29	106	31	4	7	128	25	3	7	17	4	4	43	49	11	3	4	9	8	7	21	10	9	9	17	49	18	7	7	44	9	4	46	139	32	2	4	150	33	2	9	22	4	2	34	63	12	4	6	11	11	8	19	10	10	9	20	50	16	6	7	46	5	3	38	138	41	3	9	150	35	2	4	21	8	2	33	65	18	7	9	12	8	5	14	8	7	7	18	42	14	5	6	28	7	4	32	105	29	5	8	136	42	3	4	15	6	3	27	52	21	8	8	8	4	3	10
17	13	11	10	14	37	62	35	15	9	6	5	16	76	103	41	6	4	4	4	15	92	118	35	10	7	6	4	12	68	101	39	30	28	31	30	24	21	21	19	93	41	19	11	10	25	45	47	27	6	5	10	25	75	89	38	11	6	6	7	19	67	80	33	27	16	15	19	26	31	29	23	104	41	13	9	8	13	19	44	45	24	20	25	26	30	22	19	17	13	12	15	21	28	28	21	17	14	9	7	11	21	26	21	37	20	11	8	9	15	22	32	23	19	16	13	12	15	15	18	12	11	14	17	15	13	13	12
16	8	6	17	35	16	9	13	22	9	6	35	84	27	7	9	109	23	4	11	28	9	5	39	27	6	3	21	76	20	5	12	20	12	11	27	45	15	9	14	36	12	8	68	114	20	4	5	133	35	4	17	35	6	2	26	32	7	4	34	106	24	3	8	13	11	15	43	53	12	5	8	48	7	9	65	108	18	4	13	133	24	3	13	33	6	3	39	28	7	4	40	106	19	2	6	7	6	10	36	51	14	4	4	45	10	8	36	62	16	6	19	112	29	5	12	23	5	4	34	18	7	4	30	78	16	4	7
13	16	29	54	44	18	11	10	58	45	31	25	16	11	12	27	42	20	10	8	10	14	20	34	15	9	5	8	13	17	16	17	21	20	29	85	96	28	7	6	126	64	23	22	15	6	11	51	74	17	7	9	14	18	29	49	15	9	7	10	17	17	16	18	20	7	6	39	97	81	46	24	129	47	6	6	13	18	40	90	79	32	14	13	14	12	15	31	13	10	10	13	17	13	12	15	11	8	5	7	25	63	77	38	42	8	5	5	8	27	81	92	28	12	12	13	11	14	23	37	10	8	12	17	15	10	10	11
9	12	17	32	51	32	15	10	26	21	25	29	29	22	27	33	34	24	19	15	11	17	47	53	30	17	13	7	6	16	40	47	16	9	12	43	86	48	13	10	104	22	9	14	22	17	50	92	37	8	4	3	6	32	103	91	26	10	6	6	8	23	62	61	18	8	9	41	91	51	12	9	122	72	8	9	22	15	11	37	79	49	19	11	9	15	32	31	20	16	17	17	16	18	26	23	12	10	10	26	54	37	14	10	79	40	10	8	18	19	18	36	60	48	23	12	7	6	8	21	15	18	27	22	14	10	8	9
21	14	16	23	17	11	15	24	65	18	10	11	8	10	23	63	91	13	3	1	1	6	33	108	32	6	2	3	6	14	36	63	31	13	9	12	14	17	43	59	91	35	11	9	11	21	48	62	129	69	5	2	2	3	14	71	43	16	9	10	11	14	20	31	32	8	4	4	7	18	68	90	32	6	3	4	7	38	114	94	110	27	5	4	3	9	56	89	32	23	18	13	9	7	7	14	33	12	6	4	4	10	35	59	28	11	9	8	7	13	44	54	21	12	10	11	11	12	23	30	13	12	12	11	8	8	9	11
34	14	8	12	12	6	8	23	49	20	9	8	9	8	10	28	37	13	7	12	19	14	13	23	8	5	7	42	76	24	8	8	42	20	12	18	15	8	7	21	83	27	11	13	11	7	8	28	60	17	10	31	42	14	11	20	7	4	12	98	113	16	4	5	42	17	8	12	15	11	12	26	84	27	9	11	11	9	13	34	48	16	16	71	67	9	6	16	5	3	13	126	131	9	2	3	31	16	9	8	8	7	12	24	44	20	14	16	12	7	12	29	15	9	17	87	81	9	6	10	6	3	9	106	116	14	4	7
30	88	62	10	3	3	4	7	21	77	70	14	8	13	11	9	14	29	33	20	18	23	16	10	12	14	9	10	12	19	18	13	22	81	63	16	13	13	9	9	30	115	123	24	7	5	3	5	112	102	65	10	4	6	8	25	30	14	8	9	13	21	22	22	15	19	16	14	30	44	25	16	77	33	28	18	22	23	19	40	130	51	8	3	3	4	6	72	41	21	12	14	16	16	11	16	8	10	11	15	30	39	22	10	52	26	10	11	17	23	22	31	98	61	12	5	3	3	7	33	30	33	19	14	11	7	5	9
18	12	14	24	25	15	14	17	66	25	13	14	12	9	18	60	48	15	12	21	20	17	31	61	8	8	21	51	52	26	17	13	26	14	14	29	43	28	14	15	119	33	9	12	14	8	12	77	46	12	24	82	75	18	14	38	8	14	43	92	68	15	5	6	23	13	11	26	49	35	17	13	114	80	23	18	18	11	8	26	31	33	33	77	88	34	10	8	11	10	21	52	67	45	25	15	13	14	13	24	36	25	12	10	56	51	23	16	17	15	13	24	34	38	26	29	36	28	14	17	12	9	14	27	45	44	23	14
18	18	19	17	18	26	29	22	16	15	21	28	35	40	34	23	55	29	15	12	15	18	23	39	31	16	9	10	14	16	19	27	15	45	88	51	15	10	9	9	23	39	98	99	29	11	8	7	118	73	37	21	8	7	8	33	42	20	12	14	20	21	16	24	9	26	58	40	33	39	24	11	59	22	48	47	18	19	29	46	126	37	8	6	4	4	11	74	44	21	13	16	18	18	14	21	8	5	6	8	25	60	58	24	37	9	4	3	10	39	66	67	80	22	7	5	5	8	25	67	27	17	12	14	11	9	13	23
12	11	12	14	16	16	15	12	13	8	11	15	27	34	29	21	27	7	7	8	11	23	81	90	21	8	4	2	4	21	93	76	19	18	17	17	19	16	13	15	54	23	23	34	36	22	14	19	137	34	6	4	4	9	49	112	34	7	5	11	21	38	80	69	15	20	22	22	21	15	8	9	71	20	19	28	32	18	11	25	137	55	5	4	5	5	6	48	60	25	14	28	33	19	13	20	11	11	12	16	21	18	10	9	57	20	12	10	11	12	17	39	118	45	6	4	4	4	9	52	43	24	16	23	24	11	10	16
33	21	17	17	14	12	20	36	63	27	12	9	10	14	31	64	32	16	14	25	32	28	30	39	25	21	20	25	25	18	17	21	52	36	32	30	17	11	15	28	118	53	16	13	12	11	17	53	36	14	18	65	79	40	19	22	45	30	22	29	26	16	18	36	46	14	12	17	17	20	42	60	112	39	29	46	17	8	19	59	37	26	46	107	66	12	7	17	69	34	17	18	12	9	17	56	36	17	13	13	13	13	25	45	26	15	26	55	40	16	16	28	44	21	21	47	33	13	18	39	65	27	12	11	7	4	14	55
33	25	19	16	14	10	15	25	44	33	20	15	13	12	15	26	64	40	13	7	6	6	9	28	29	15	6	5	8	10	12	18	64	20	8	9	14	18	32	69	50	25	19	28	61	54	26	30	125	57	14	9	8	7	6	33	53	17	6	7	12	14	14	26	89	23	5	7	15	17	25	79	41	8	5	21	97	93	27	30	126	46	7	5	17	21	10	46	69	30	10	9	10	11	9	22	73	32	14	14	15	9	10	43	27	17	17	43	79	40	10	13	93	47	10	11	23	14	8	30	63	33	10	8	8	6	5	20
13	16	14	11	10	7	6	9	55	37	17	9	5	5	5	19	110	45	7	2	1	2	4	44	54	16	4	4	7	10	11	29	18	14	10	10	14	12	12	13	89	33	14	11	12	12	11	24	143	47	5	2	1	1	4	58	80	22	5	5	11	13	14	34	21	17	10	10	14	15	15	16	81	30	12	11	14	17	19	32	142	116	18	2	2	2	4	37	71	88	30	8	9	7	5	10	14	12	11	9	13	15	12	12	28	37	22	15	15	13	10	13	62	125	45	8	5	4	4	7	50	125	51	7	3	1	1	4
17	8	6	10	14	20	29	29	25	13	10	13	16	24	34	37	30	16	9	11	18	21	32	39	11	9	8	20	39	27	21	17	26	14	10	14	26	26	27	33	27	25	39	69	73	27	12	14	115	61	29	23	27	13	10	30	20	8	10	40	94	38	11	11	29	19	11	19	45	30	16	21	39	8	8	46	112	61	11	16	126	36	7	15	39	17	7	49	27	9	8	46	112	40	7	9	23	22	13	23	39	24	9	10	27	12	10	36	81	46	15	17	96	40	12	17	31	15	10	36	21	13	12	36	77	28	9	11
55	38	17	11	8	9	18	40	45	22	8	6	10	25	53	59	15	7	6	7	18	52	76	44	11	7	7	10	19	54	59	28	84	57	22	11	7	6	11	43	113	49	10	5	5	9	24	61	31	12	13	22	29	43	51	39	13	13	16	23	30	44	41	22	80	28	10	6	7	11	27	70	108	52	22	14	6	5	12	54	28	32	58	65	35	15	8	10	10	28	61	57	26	13	11	8	51	33	15	9	8	10	20	42	41	42	43	30	15	8	11	28	11	25	62	69	33	11	6	7	12	25	55	54	19	8	8	10
20	23	30	33	22	12	11	16	23	26	33	37	26	20	29	26	61	51	27	14	8	11	28	41	50	36	16	10	10	11	15	31	39	32	28	28	22	13	13	20	99	27	9	10	11	23	76	91	41	19	8	13	33	65	94	63	53	38	21	16	14	14	19	38	52	23	17	20	20	15	23	40	119	63	11	8	8	8	20	70	43	25	17	34	58	53	36	27	31	21	15	15	19	27	34	36	47	14	5	6	9	15	31	63	73	18	7	5	7	11	36	91	28	14	14	16	22	30	39	40	15	10	12	16	21	25	29	25
39	16	14	16	14	13	21	39	82	23	6	5	6	7	27	83	37	19	20	28	28	19	25	45	14	19	30	36	29	17	13	14	60	31	19	17	16	12	19	38	119	42	7	5	10	11	17	68	32	12	20	50	88	54	20	24	24	26	33	39	35	24	21	24	51	18	11	15	16	19	38	61	120	50	12	9	10	9	22	71	34	19	17	35	76	63	29	20	21	13	11	15	26	42	49	39	39	11	5	6	8	14	42	75	52	14	8	8	9	16	42	83	21	13	15	18	23	37	34	31	12	10	13	16	20	31	29	20
31	59	42	15	8	5	4	8	89	100	35	6	2	2	3	16	61	49	16	7	6	8	9	19	13	15	11	10	13	16	13	11	42	35	28	17	14	16	15	19	130	73	16	3	2	2	5	72	94	50	37	13	7	7	10	38	19	34	29	14	12	12	10	10	40	21	13	11	11	18	22	28	115	99	55	10	3	4	7	32	38	109	107	25	4	3	2	6	26	73	56	16	7	5	4	6	21	20	14	11	11	15	15	17	31	44	33	17	13	12	12	15	37	71	49	14	8	8	8	13	35	64	38	11	5	4	5	10
29	23	16	15	16	8	4	10	95	52	13	8	8	4	5	26	31	16	25	56	52	18	9	14	12	19	37	48	34	14	10	9	38	17	12	18	26	14	7	12	131	45	7	8	16	6	4	38	44	11	20	83	112	37	8	13	31	28	34	43	33	17	26	37	36	11	6	15	23	16	12	15	129	47	9	10	14	6	5	37	43	16	10	39	92	66	41	28	30	12	7	9	18	37	75	72	23	10	6	9	16	14	12	15	84	37	9	4	6	6	11	39	44	26	13	12	16	29	36	38	17	11	15	16	15	26	45	36
18	27	30	29	26	16	10	11	33	43	38	29	25	16	11	15	20	25	36	44	42	26	13	13	51	33	22	16	10	9	14	35	21	19	20	37	67	45	14	9	107	42	18	14	19	27	27	50	33	9	8	15	47	95	64	41	70	19	6	5	9	18	42	83	19	7	6	24	80	74	24	12	117	52	9	7	20	26	17	40	62	29	12	12	31	54	43	38	48	14	7	10	12	18	43	68	13	10	10	21	50	49	19	11	66	30	11	11	20	29	24	39	60	38	19	13	12	12	16	31	30	26	19	19	15	10	13	22
13	14	12	8	4	3	4	8	30	19	7	2	1	2	4	12	13	7	3	3	3	4	5	8	2	3	3	4	4	5	3	3	36	25	25	23	19	16	21	25	124	49	13	7	4	6	14	54	45	18	28	36	24	21	19	22	9	16	22	23	14	8	8	9	37	11	9	14	22	48	90	71	117	52	44	37	23	25	54	80	33	52	101	94	37	15	8	9	21	42	60	39	17	8	7	9	32	27	20	21	20	29	53	43	18	21	31	55	62	51	43	30	22	27	44	50	46	40	31	24	24	30	34	24	20	19	23	23
27	30	24	15	12	10	11	20	36	32	23	17	18	18	25	31	22	17	18	22	25	34	44	33	18	16	16	18	23	32	34	24	39	36	33	24	18	14	10	16	114	47	20	10	8	14	34	72	29	12	22	28	28	58	80	52	13	13	25	28	33	48	50	28	47	23	18	18	20	19	22	33	114	76	43	19	8	10	17	49	22	46	97	81	31	23	18	11	15	35	72	55	24	19	19	13	35	17	8	8	14	18	29	44	55	26	13	10	13	25	40	60	18	17	21	21	33	56	54	31	17	17	21	19	22	37	43	29
13	27	31	23	22	30	17	9	35	89	54	16	10	14	9	10	47	100	63	15	7	7	6	12	25	71	57	22	9	10	7	8	19	18	12	12	31	63	41	19	37	42	23	18	50	69	26	13	115	69	19	9	11	17	17	43	38	44	29	21	27	38	27	23	24	41	33	19	26	34	19	15	28	25	21	20	57	80	34	20	113	49	13	9	13	22	23	56	38	31	21	24	33	36	21	19	15	33	28	20	28	28	12	9	23	46	39	22	27	26	15	13	55	58	29	12	13	13	13	25	33	35	22	16	16	14	13	18
63	28	10	11	24	18	11	26	29	17	11	27	76	41	13	14	82	33	9	10	18	14	13	42	29	14	7	11	25	26	17	22	98	59	12	11	25	13	7	25	46	21	10	49	115	47	6	10	125	44	7	12	22	11	8	43	38	14	9	18	39	34	16	19	96	68	13	9	16	9	6	23	45	25	11	29	95	63	15	17	121	46	14	10	19	19	13	43	33	28	26	29	33	20	8	10	59	43	13	7	10	11	10	21	31	32	23	27	38	23	11	12	42	47	27	19	22	15	9	15	24	35	29	20	14	8	6	10
7	27	90	76	15	3	3	4	36	71	99	47	7	2	3	9	50	51	32	12	6	5	9	23	15	15	12	9	11	12	13	13	20	22	67	88	50	15	4	6	125	66	45	20	6	2	5	59	102	36	13	6	4	5	13	57	25	20	12	10	13	11	10	17	31	14	14	33	54	37	17	18	128	70	8	4	6	7	8	41	99	62	19	7	4	4	6	24	26	21	14	12	11	9	8	16	19	10	7	15	32	31	22	20	84	39	7	4	7	10	16	43	71	48	16	6	3	3	7	25	20	20	16	13	9	6	5	12
34	7	5	6	6	15	87	113	37	5	4	2	3	14	103	123	27	5	3	4	7	20	89	95	11	5	4	9	22	34	57	39	50	11	7	6	7	11	60	102	57	20	13	15	15	15	41	70	71	24	9	10	13	14	27	39	16	8	7	25	41	30	23	15	42	20	11	11	11	12	21	46	46	19	13	15	22	21	19	24	68	26	18	20	13	8	9	23	14	14	21	40	40	17	7	7	28	26	20	13	7	6	9	17	21	24	26	18	13	10	9	14	24	24	30	30	14	6	7	13	10	14	26	36	25	10	7	8
15	12	17	26	30	25	17	16	26	23	29	44	42	25	14	13	80	40	18	15	18	14	13	39	19	12	13	29	54	29	12	15	16	17	18	27	42	40	26	19	36	21	22	55	84	61	18	11	120	61	14	20	27	14	9	37	24	11	14	57	92	35	8	9	26	25	16	16	27	37	27	23	22	10	6	13	56	106	78	33	103	21	8	17	30	39	58	77	18	10	12	53	91	43	14	10	26	25	19	15	15	16	15	19	26	29	25	19	19	31	29	22	24	20	19	25	34	34	31	26	11	9	11	27	53	42	20	12
12	9	12	16	14	12	13	14	20	11	13	16	16	17	18	24	70	13	6	6	7	8	22	91	79	11	2	1	2	4	23	103	15	12	10	14	17	20	18	18	46	19	16	25	28	25	16	21	132	29	5	4	3	4	14	102	96	17	4	3	5	6	21	97	17	21	17	17	20	17	9	12	49	23	15	24	33	28	16	17	133	81	6	3	4	4	5	35	107	64	11	5	6	5	6	28	12	14	11	13	19	21	10	9	29	28	17	18	20	18	11	13	107	83	10	4	4	4	6	22	90	79	17	5	4	2	2	16
25	12	13	15	13	17	37	50	40	20	18	20	14	15	31	54	22	18	20	31	37	27	20	22	14	13	14	24	34	30	20	14	25	12	18	35	21	20	45	55	25	25	56	101	47	12	17	22	102	53	41	32	18	20	20	33	22	6	5	14	36	62	49	26	10	15	49	94	42	11	10	12	52	18	38	105	52	9	7	19	124	42	9	9	7	6	9	56	36	15	11	21	35	40	22	20	8	9	25	57	40	22	13	10	53	21	16	24	20	17	23	42	97	44	11	7	5	4	11	46	31	22	17	22	22	13	9	16
24	19	14	13	11	11	12	16	37	27	15	12	12	16	22	27	40	19	9	11	26	41	33	36	10	11	12	21	57	60	20	10	34	30	21	15	12	11	11	19	53	46	36	31	22	13	10	16	114	53	15	9	21	30	20	44	16	6	5	20	103	97	24	13	28	35	28	16	13	12	10	15	63	38	28	23	19	16	19	32	119	70	29	14	13	9	10	52	20	21	28	51	97	61	11	7	15	24	25	16	15	15	11	10	35	56	42	20	12	9	8	12	44	93	77	25	7	4	5	9	14	42	63	52	33	12	5	6
13	6	8	10	11	27	75	54	21	9	10	7	6	28	99	80	36	14	9	5	5	20	77	86	18	9	7	7	13	24	49	44	29	28	38	27	10	13	40	45	26	36	71	77	24	13	35	30	109	75	39	16	6	7	21	42	33	14	12	18	24	26	26	26	21	36	59	45	17	8	8	11	58	26	44	61	29	12	13	30	123	41	13	10	5	4	7	60	35	20	22	30	26	15	9	14	17	16	19	18	15	18	21	18	55	26	13	12	11	14	23	37	74	40	19	14	8	6	10	35	20	22	24	25	17	9	7	11
19	54	59	21	11	8	5	8	35	92	83	19	5	4	8	14	31	91	76	14	5	7	10	14	19	54	42	15	11	14	10	8	33	31	33	22	22	23	16	17	112	47	22	7	4	10	38	90	41	45	25	8	15	41	72	59	29	53	35	13	12	20	25	21	42	24	17	17	23	25	20	21	123	79	13	5	4	6	11	39	58	50	25	18	23	33	26	20	19	25	17	17	21	31	26	17	25	23	14	12	15	21	18	17	75	63	19	6	6	10	12	25	47	63	35	15	9	8	7	13	14	25	27	22	15	14	9	8
5	7	9	20	38	41	14	5	40	28	16	14	19	23	12	16	85	33	8	3	3	4	10	48	31	11	5	4	8	14	21	31	6	6	4	9	42	79	38	9	52	19	7	8	48	89	29	15	129	41	4	2	3	8	10	59	54	15	5	6	11	21	25	37	13	11	9	9	31	63	34	14	24	6	4	9	61	113	45	16	127	81	10	4	12	28	18	35	69	68	19	8	11	12	10	16	15	13	11	10	25	37	19	14	10	8	9	19	58	69	24	10	50	65	17	13	38	44	16	11	61	87	25	5	4	5	4	10
16	16	13	12	12	12	16	18	24	16	11	9	11	18	31	32	21	16	13	13	13	24	36	29	26	18	13	9	8	13	25	31	36	24	19	20	17	14	14	21	109	33	7	4	5	20	55	74	24	6	3	4	15	79	107	54	27	11	5	4	7	31	77	63	32	13	11	15	19	27	44	41	125	56	5	2	2	8	31	82	79	26	8	6	11	45	69	54	18	7	6	8	11	35	74	51	21	6	3	3	7	25	68	64	59	11	4	3	3	14	64	100	51	18	11	9	8	11	31	62	15	11	14	17	14	17	25	22
17	26	26	22	18	13	10	11	22	36	37	22	15	10	11	13	35	25	20	13	11	10	12	21	19	12	7	5	9	11	13	18	13	15	17	19	34	60	44	19	33	42	51	41	48	43	17	12	122	64	27	11	7	7	8	30	37	13	8	8	13	16	18	23	7	4	3	11	55	98	64	20	32	6	6	23	90	102	35	20	128	37	5	5	12	17	13	58	55	21	9	11	17	16	15	21	9	13	11	24	62	62	23	9	16	6	6	30	91	79	26	15	100	34	7	6	14	16	19	53	47	23	8	9	12	10	10	21
108	21	4	4	5	2	3	37	126	26	2	2	2	1	2	40	111	24	2	1	1	1	4	31	42	11	2	3	6	5	6	17	127	21	2	3	5	2	3	44	134	29	3	3	3	2	2	35	129	31	3	2	2	1	3	27	60	16	4	4	8	5	4	16	120	20	2	2	5	3	3	40	130	27	3	3	4	2	2	32	128	28	3	2	2	1	2	30	58	18	5	6	8	3	3	16	91	16	2	2	5	4	5	31	111	22	2	2	3	2	3	31	105	26	4	2	2	1	2	26	38	16	7	7	7	2	2	11
10	27	52	56	27	10	6	6	46	75	61	26	8	5	6	12	36	43	36	21	10	12	13	17	11	19	30	29	21	17	13	10	15	15	28	60	77	51	13	7	115	64	30	20	13	10	8	44	53	34	53	60	24	11	9	19	15	36	63	50	19	10	6	8	11	6	6	20	74	90	33	12	91	47	33	22	23	37	29	36	22	31	74	86	32	16	13	12	29	38	47	33	14	11	17	24	8	12	13	19	41	52	26	10	15	12	14	17	30	55	51	28	18	11	14	18	21	45	54	35	22	14	11	10	11	24	41	36
50	24	14	20	23	17	20	35	140	40	9	6	7	7	15	90	127	28	5	3	5	7	17	80	30	11	7	9	15	14	15	23	63	28	15	18	23	22	23	39	153	50	9	5	6	6	11	85	140	37	9	7	9	9	14	60	35	15	11	15	17	10	10	16	33	15	9	9	14	20	22	22	134	48	6	4	4	5	8	31	102	36	11	7	6	4	4	19	18	10	8	10	9	5	5	9	4	3	2	2	3	7	7	4	13	5	1	0	1	1	3	5	11	5	2	2	1	0	1	3	3	2	3	5	2	1	1	3
7	6	9	15	17	14	10	8	54	16	9	13	15	12	13	27	112	21	4	4	10	16	19	70	19	10	10	20	54	59	21	21	10	8	7	11	17	20	16	13	83	20	9	13	26	24	15	22	141	37	3	4	13	17	12	61	29	7	6	19	87	94	26	20	11	7	5	8	20	28	19	13	66	14	6	11	29	39	23	24	141	69	6	3	8	10	7	38	50	26	11	17	71	72	18	14	9	8	7	10	21	26	12	7	28	19	9	13	26	27	15	12	111	88	11	4	6	7	6	21	54	54	19	14	27	23	8	13
16	17	16	13	11	12	14	16	34	22	12	10	9	13	20	26	23	17	12	10	9	16	23	24	13	14	13	10	12	15	16	15	31	27	26	28	22	19	18	18	114	36	13	10	9	12	22	63	35	14	14	18	30	46	43	36	16	18	18	15	19	24	25	21	36	35	35	29	23	25	22	22	112	95	53	15	7	7	10	34	38	71	67	32	25	25	16	12	17	25	30	28	24	23	23	18	14	44	60	45	21	15	9	8	33	99	102	36	10	7	5	9	36	108	97	21	5	4	4	8	17	53	62	35	17	9	6	7
16	38	57	34	15	10	10	10	17	36	54	49	25	14	15	14	19	27	39	35	17	16	25	23	16	18	21	16	12	14	20	18	30	48	77	50	21	14	11	11	113	55	35	18	8	13	44	74	27	11	10	11	17	55	93	59	16	12	9	8	15	34	45	28	28	12	15	15	16	48	94	57	118	61	17	5	3	17	58	78	43	49	44	25	17	24	27	19	11	18	22	16	17	23	24	13	14	7	6	4	7	38	89	53	17	10	10	10	18	45	78	47	19	22	22	17	16	23	29	20	13	17	20	18	11	9	14	13
16	14	28	33	25	23	21	20	21	18	26	35	33	29	26	26	29	14	13	15	17	20	36	43	16	10	9	12	18	22	27	23	19	38	94	92	23	8	5	8	108	62	48	32	12	12	22	49	41	10	10	17	22	29	49	54	15	11	13	21	25	23	25	20	47	26	52	65	25	13	27	65	123	56	20	11	4	3	16	95	47	27	32	37	26	17	14	18	13	17	26	37	27	16	12	10	40	8	6	8	9	14	54	96	55	15	16	19	12	8	30	92	17	17	34	42	26	14	13	17	11	15	30	40	23	12	10	10
9	10	17	46	59	22	7	7	32	34	30	36	28	14	9	14	67	78	27	12	9	8	9	16	72	73	14	4	8	8	5	15	13	8	14	62	98	30	5	5	97	25	13	24	28	17	21	46	63	43	11	15	36	40	29	28	102	90	14	5	7	6	4	16	17	6	7	39	99	46	9	8	107	41	12	14	26	15	10	30	47	29	21	38	52	29	10	13	93	67	11	7	10	9	7	22	13	9	9	23	62	39	12	9	51	24	10	10	22	23	19	30	35	20	12	18	29	21	15	22	59	32	9	7	12	10	9	26
43	52	24	16	14	7	7	12	106	89	19	6	3	3	4	20	42	36	19	19	24	17	9	13	5	8	14	36	71	33	7	4	49	31	18	21	26	17	12	17	134	63	9	4	4	3	6	47	65	21	15	26	36	22	15	25	6	8	17	54	92	31	7	4	43	12	9	15	30	24	20	32	133	47	6	3	5	4	9	60	63	28	16	26	42	24	10	17	6	6	10	45	99	44	9	5	36	11	6	8	17	19	21	37	95	24	6	4	4	7	16	71	38	19	12	16	28	19	15	26	5	4	7	31	73	39	13	7
19	18	13	10	10	7	5	11	35	23	12	8	8	8	8	21	25	20	12	13	14	14	12	15	23	21	10	7	10	15	12	11	35	22	15	22	27	14	8	12	120	34	10	9	15	13	11	41	48	28	17	42	74	39	14	18	71	57	16	12	15	14	11	20	52	20	12	23	39	22	14	22	128	40	7	18	26	10	9	47	53	30	19	73	108	33	4	8	108	80	15	14	20	9	5	20	48	20	9	15	28	20	14	25	99	38	9	14	25	15	11	42	33	17	10	38	98	43	9	12	85	52	11	10	23	13	8	23
19	32	23	17	11	6	5	7	83	96	29	8	3	2	4	12	91	85	15	11	29	19	6	11	10	9	9	32	92	47	6	4	20	17	11	14	15	13	13	14	93	77	22	13	11	9	9	19	133	93	12	7	22	13	4	27	23	11	7	27	102	67	12	9	17	11	8	9	15	19	15	14	88	20	7	8	14	16	18	48	133	35	6	6	11	8	7	69	26	10	7	22	70	54	14	11	11	7	6	6	12	16	12	10	48	20	7	4	6	10	10	24	83	46	10	5	4	3	4	25	19	17	11	16	32	17	7	8
50	17	6	9	20	14	11	29	47	15	6	18	64	30	11	16	130	32	3	4	9	4	4	32	49	10	2	3	8	7	5	16	80	25	6	8	23	13	11	40	61	15	4	34	117	38	7	13	145	39	2	7	16	3	1	25	66	12	3	6	11	6	4	13	84	29	8	11	25	10	7	33	62	10	5	35	121	39	5	16	145	24	1	4	17	8	2	40	65	14	4	7	11	5	3	11	58	22	9	14	22	10	6	22	47	12	8	31	77	23	6	16	132	28	2	4	11	5	3	35	46	15	5	7	9	3	2	9
29	66	61	18	7	6	8	14	23	58	49	29	30	19	12	12	7	11	23	56	70	34	11	6	15	21	24	29	31	21	11	12	30	67	71	35	24	20	13	10	118	97	45	12	15	18	10	29	25	9	9	29	86	90	29	15	21	16	12	16	31	44	39	31	29	11	9	14	30	56	58	39	120	38	8	4	7	14	27	77	42	17	11	15	52	72	32	20	11	7	6	11	27	53	52	29	18	11	9	11	16	32	41	31	53	22	13	9	8	15	29	56	26	21	20	17	18	22	19	21	9	10	14	18	23	27	20	12
47	84	44	18	12	6	3	7	99	108	22	4	2	3	4	14	50	33	8	4	6	9	11	19	14	8	4	5	10	13	11	11	54	52	22	15	28	44	26	18	140	91	9	2	2	3	6	45	102	25	5	5	6	9	13	40	20	11	5	6	9	11	10	15	30	7	4	6	29	89	67	31	139	41	2	1	3	17	25	71	113	33	6	5	5	7	7	27	19	9	5	8	9	9	7	14	14	10	9	11	24	56	40	19	95	26	6	4	8	21	27	59	73	28	9	5	3	3	6	28	12	9	9	9	8	6	5	9
23	34	24	13	7	6	8	15	15	27	33	24	16	13	10	10	22	27	25	16	11	11	11	13	19	16	10	6	8	10	13	16	24	69	75	28	6	4	3	6	22	54	101	77	19	5	3	5	109	73	47	18	4	3	5	32	40	20	10	9	11	14	17	26	21	56	64	25	12	13	10	9	68	52	58	39	18	12	13	28	126	85	29	7	2	2	5	57	40	50	46	22	13	11	7	12	17	28	27	14	15	25	18	12	39	61	42	15	9	16	14	15	50	108	76	15	4	4	4	9	19	78	82	23	5	2	2	3
23	32	33	24	18	12	10	14	48	61	34	11	10	16	17	23	27	27	14	12	25	51	48	28	17	11	9	10	17	44	58	31	18	25	31	34	30	19	15	15	56	88	64	21	9	9	11	16	119	87	22	4	6	20	31	47	27	7	5	8	18	56	72	39	10	10	13	22	29	38	43	25	51	14	13	11	10	20	59	84	121	39	10	5	2	3	22	95	39	25	25	26	17	19	18	19	12	6	4	5	12	39	64	36	25	7	5	5	5	19	72	79	44	19	14	12	10	11	32	60	18	21	21	21	16	11	13	14
31	44	30	16	13	16	17	19	25	26	14	14	36	56	38	21	14	9	10	17	42	69	47	24	27	18	11	9	13	25	35	35	46	65	48	26	19	20	18	19	113	74	19	6	12	34	37	44	21	4	4	8	33	100	90	34	16	6	6	9	19	49	68	44	30	13	8	9	17	49	86	59	116	41	14	8	6	15	48	82	39	29	29	28	31	43	30	18	12	11	17	24	31	36	34	21	21	17	15	10	8	23	51	39	28	20	23	18	16	22	40	41	24	24	30	26	21	19	19	20	12	16	25	28	26	19	14	12
26	28	21	18	12	7	8	13	52	37	16	10	9	9	15	26	20	14	14	20	31	20	19	20	17	12	13	19	24	17	16	17	37	25	18	18	22	19	12	15	116	44	11	6	9	9	11	41	32	11	12	31	55	38	21	23	26	14	15	20	23	17	25	44	28	9	7	12	24	35	35	28	112	42	13	9	8	9	27	58	34	16	17	31	38	26	58	74	23	5	4	6	8	16	83	102	13	5	5	6	11	27	62	45	35	7	4	3	3	14	81	103	24	4	5	4	3	10	93	116	11	3	8	10	7	12	72	84
21	23	25	23	15	12	14	19	46	28	17	13	10	13	27	49	43	21	8	7	8	17	42	58	30	15	8	6	9	16	32	39	46	32	29	27	20	15	17	25	117	40	11	6	4	9	31	88	53	17	9	8	13	34	65	73	37	15	8	8	13	20	37	48	38	12	8	11	15	35	67	54	115	77	28	8	7	15	33	54	60	91	60	20	12	14	14	19	44	42	19	13	13	14	18	29	24	14	9	7	11	31	56	42	22	23	20	22	32	46	45	27	44	75	46	19	15	18	14	16	42	65	40	15	7	4	5	13
33	22	15	15	19	19	16	23	31	24	19	27	42	30	15	18	98	51	13	8	9	6	8	38	70	36	8	5	8	9	10	29	54	36	16	14	18	20	18	33	36	22	19	51	82	52	16	14	122	61	12	12	11	7	7	41	87	40	11	7	10	9	11	34	62	36	14	10	13	16	21	42	31	12	7	18	57	83	60	36	111	26	4	4	8	27	51	84	78	36	12	8	8	8	16	45	46	20	8	7	8	15	23	42	38	16	9	8	14	29	46	52	40	10	5	5	9	24	55	73	43	12	5	6	7	10	26	51
34	32	23	14	10	10	15	26	44	32	23	17	15	16	20	33	108	46	9	4	4	6	9	40	66	22	3	3	5	4	7	25	33	63	55	22	9	6	6	16	47	72	87	43	11	5	5	11	136	81	24	6	2	1	2	30	86	26	6	6	6	5	4	24	25	41	37	22	17	14	11	15	94	39	34	21	9	7	12	46	138	35	5	2	1	1	4	69	76	26	9	8	7	4	4	19	21	15	11	11	16	20	21	22	87	26	8	5	5	6	16	57	122	32	5	2	1	1	4	56	47	19	9	9	7	4	4	17
10	11	14	19	27	30	20	11	35	28	17	13	18	22	24	26	32	16	10	9	18	47	55	40	16	17	12	11	25	56	38	15	10	9	8	14	34	57	41	17	53	36	16	16	36	60	36	19	118	52	7	4	12	42	45	55	18	6	2	8	53	105	55	19	17	13	9	12	26	52	46	25	25	8	5	7	29	91	86	41	112	30	7	5	10	27	51	82	30	15	11	19	52	71	30	19	19	18	12	10	17	31	30	21	22	18	13	12	21	43	45	30	43	27	15	11	15	25	36	44	22	20	14	15	25	31	23	19
