8 20.877030 -184.707505 118.820693 -277.933398 130.078694 2.944203 -267.212370 492.061133 -321.950091 143.059310 -17.893304 -125.666144 190.426886 -4.293359 79.191321 -234.349932 -63.912467 117.044392 103.593119 44.471441 39.706937 107.415009 2.609633 58.364123 -152.745433
22 34.215850 -49.703802 61.235048 44.495561 -50.548060 -40.409394 44.634708 84.037391 73.276659 -296.955126 -11.056422 -136.749242 100.039470 -43.188477 129.901245 -85.467672 -52.092664 -93.009102 -31.946785 97.516628 -9.911820 225.436426 -65.794674 131.502716 -59.458547
21 -106.143542 -165.751434 -63.455474 58.872365 -71.111804 -79.394810 -20.916719 -89.616633 138.870909 93.532035 -62.894874 -111.470268 73.993040 -162.061589 44.540515 86.603801 94.755249 -109.477906 184.725057 -55.635162 240.149928 -12.450297 125.783340 47.046799 -78.492504
2 32.510571 337.866968 -199.015684 -29.372949 176.838803 -13.697933 -50.794039 207.279870 -324.600837 176.843270 4.938647 195.033557 -319.967126 -44.383777 2.265069 62.489151 72.803499 23.799439 -49.926389 -123.232747 -178.679851 90.255980 -67.347377 -2.952635 21.046374
9 131.114824 -190.769910 -171.303365 4.587047 -55.682531 -29.688911 98.597969 2.166062 179.549533 74.282874 -9.202575 43.996516 -72.273076 13.906271 88.540941 23.001224 -101.132350 51.016781 -79.835955 22.727347 -48.595130 68.419451 16.731502 -37.005727 -23.148659
1 300.955716 -136.017994 -53.919399 -134.379170 -170.712091 62.161627 -31.222411 -73.902356 223.568545 -136.817046 73.411511 -65.990534 162.998264 57.631272 26.039286 13.605586 5.735885 63.526573 -1.869888 -115.255730 76.257549 -55.919226 -17.799295 -113.820693 41.733990
1 210.898612 52.974547 -0.707956 -92.261350 -21.424309 41.759862 3.499148 -4.565071 61.858187 -93.148266 -81.136252 -191.198282 161.190741 -147.537206 -57.032750 -202.887426 -244.921820 143.895462 168.267043 67.933571 54.706389 -77.219528 -21.132785 138.616898 129.572454
8 235.285706 -176.429753 200.400903 -89.336673 -81.314808 243.236573 -40.669839 313.602439 12.197894 -143.981321 4.749525 -78.143080 204.022353 -88.998632 51.923569 -178.600595 -333.133871 -2.137255 -12.010780 52.596813 -9.517742 -53.352749 25.759989 54.914772 -111.063628
22 -118.674669 -111.159356 -104.510534 46.661746 -143.925890 -5.276539 45.962746 -73.095682 176.752338 -110.673661 65.643975 73.747387 -291.538912 111.249860 49.764845 277.591753 181.115237 -219.921339 120.342623 -2.308898 -81.591473 337.227541 65.059450 -120.223784 -168.218746
1 341.681746 30.860577 168.343232 -19.676480 146.352962 -101.646135 167.308146 41.112033 87.643400 -147.688062 -169.710646 -66.610269 70.480043 -108.852536 -116.880630 -313.180184 -181.386528 -35.223016 134.770477 -14.752827 170.237672 -144.693689 106.718947 151.237839 -196.446249
12 -4.702453 64.517681 45.328518 82.784794 161.095444 4.384529 231.999985 -153.215112 -119.626744 97.241338 -145.167661 262.006323 -83.934838 48.685784 60.451528 -23.527799 -113.195959 23.158849 -238.758172 50.039905 -105.466324 37.260114 -48.212121 -124.005125 -9.142501
2 33.842580 162.143016 31.193461 159.963221 -65.733897 -11.849320 -30.458331 -140.274022 -16.266140 -156.626792 -108.002298 -110.994060 27.947035 61.371602 109.222720 108.246850 81.261357 -229.725802 28.544595 -104.720069 14.366110 48.138858 39.105984 122.663580 -53.360397
18 -216.713150 34.105657 2.173318 -194.669457 -197.213836 79.478617 29.961779 14.869981 -38.935114 156.135747 -95.627294 -102.356970 -54.133518 127.906127 139.542818 -129.843494 35.362737 160.459464 80.097420 59.217010 -21.993490 -85.192965 -67.330634 143.168203 141.531132
16 -15.756717 -139.938702 -194.257808 92.586650 -109.880843 46.344287 -13.693841 273.293009 -416.997111 246.802852 -25.923618 218.839732 -116.378828 -76.818891 -7.916369 337.371189 -111.372297 -145.410695 7.218324 106.498382 -226.137043 98.062188 58.112379 -168.739908 284.093919
14 61.182670 214.866848 -184.400845 55.863249 117.821554 -154.489717 -131.579330 -183.813548 16.369989 181.088535 88.421636 -286.726109 -556.981650 565.675901 384.207084 -109.373548 -97.428226 147.002427 -210.868657 -5.798984 -238.284235 410.122747 -49.812303 -100.351261 67.285958
17 -43.634115 164.275253 -333.801212 -57.151546 -238.718697 11.065247 -50.486826 25.016710 -427.259651 134.989106 -121.564734 -160.290962 -304.165846 -88.994086 380.123183 390.949716 487.784641 -167.359113 221.074865 -137.406670 -148.603214 -6.800838 89.743980 337.726344 43.488910
5 -64.135396 48.832544 22.838904 -191.749789 159.746119 -17.235810 20.887627 -47.836245 112.060973 11.485282 -19.520543 -21.073544 6.824278 124.756078 3.352866 -80.947034 -50.746595 -84.425137 -34.632500 84.361866 25.373956 -11.336683 65.937905 -86.382493 23.562903
4 -25.620071 3.371938 11.147176 246.120817 72.010463 -129.370608 145.819194 -175.201982 65.702667 -111.822593 -30.701266 -5.290193 -136.814787 41.106708 -21.309727 87.098025 83.363411 -205.655476 55.087360 -95.882471 -147.279463 -79.275581 174.352654 92.763197 86.280465
5 -115.318197 -304.026422 -16.595539 68.889557 301.877950 -55.631064 183.363821 -186.986088 51.767905 128.129668 -269.303661 -84.954750 -49.960824 205.393000 3.426012 18.273868 7.174573 19.835433 6.297613 77.782095 -81.548136 180.083538 91.121221 -137.739089 -41.352957
2 -117.509385 552.710105 -140.757692 1.877084 -206.681915 -190.431554 32.184313 -36.537470 483.905660 -351.330310 40.682172 98.451438 -205.285614 66.867348 -230.205312 77.315264 165.884989 96.254702 -104.094749 -61.404878 235.539434 -234.429131 23.355345 58.400572 -54.760593
24 -121.109175 93.755483 211.835539 -28.520297 36.812070 109.262442 -61.349363 -69.262535 23.462653 191.577463 -26.042966 -182.444663 -62.158335 -136.700983 -265.733953 74.829305 22.206748 117.708262 -41.905964 -43.097554 114.276663 -59.988353 8.229570 224.431788 -130.073931
5 -29.904048 -101.417370 124.982566 -65.058372 295.342626 39.105170 118.607748 -132.364812 -44.468722 8.504536 -76.997971 -67.221191 -151.406711 142.083381 175.622297 -40.323649 -157.284535 48.104688 -41.709461 -80.355674 -144.983805 40.445948 -250.482334 179.801069 211.378236
8 104.402172 9.673411 341.417604 75.453030 -10.346477 150.396090 13.622780 527.301683 -111.358201 -43.256835 -254.708289 -197.552320 261.926433 -130.677878 49.470703 -138.314438 -551.308080 117.079347 189.074641 34.262880 -273.690601 -70.620817 -36.808729 -61.934681 6.496143
23 24.196646 -92.975291 232.848875 -30.293877 269.436953 -102.487663 -19.488036 92.340849 -483.553046 29.829013 127.558707 -79.173877 -112.815127 -118.317923 -132.876961 -10.531213 23.850742 138.995840 -0.336149 20.289277 71.144991 34.417948 304.488423 -180.320579 -6.228775
18 236.331319 39.926567 74.142360 64.136116 124.956054 -9.078955 -178.146254 20.351182 -513.937593 29.711506 163.599899 -98.670358 93.425997 -29.794261 -84.221673 -60.791202 -107.949945 310.923234 -59.621082 -9.421347 -46.108187 2.288245 -44.314942 64.913311 17.349642
18 -49.868474 182.811171 305.378865 216.160511 24.110203 24.020029 -271.428986 12.491661 110.220517 -54.009974 118.186433 99.733721 -145.081100 -17.817374 -243.116213 -48.025124 -248.579446 335.738196 -70.547240 -202.620679 109.667776 -5.438036 -273.283683 141.857377 -50.560525
24 -118.207333 -47.689069 205.018505 -126.278281 173.401132 121.600986 21.198334 235.210188 16.761728 16.504716 90.807409 -75.415295 37.725372 -84.024671 17.793203 -171.247608 -368.029916 -13.300794 17.507836 -122.368007 -37.510721 24.383611 98.129963 242.228375 -154.199789
22 26.808829 35.918182 110.908382 -6.407558 -23.459575 -23.268267 13.462270 -65.101649 -39.081377 116.022933 92.002285 33.211647 -79.880508 51.841362 -75.076739 66.870459 -163.746507 7.866044 -151.533439 -121.335151 111.304167 161.420907 37.455545 -32.039371 -84.163045
13 94.025511 23.516748 -51.930408 -80.870920 -137.781281 52.527398 200.611911 206.796760 92.224876 -356.228984 -153.588792 -166.654506 217.651648 34.483836 122.604500 -47.578884 -95.304801 -103.652917 -6.726398 12.126290 -40.678493 -10.427602 120.820175 -11.267370 85.301519
13 -98.967074 -171.974318 129.187542 -149.140096 256.812409 -60.960425 65.806077 85.413327 137.160775 -128.742311 132.723346 -138.233871 413.777560 23.521380 -2.804596 -248.836706 6.911536 -42.450346 42.614336 21.692529 80.863173 136.352099 -455.025322 -187.072018 151.370386
3 30.074555 -89.516948 228.079702 -76.158195 -168.991438 -14.772431 -38.220603 34.279279 -74.616906 -264.593959 209.180629 -79.354681 146.993646 92.006242 -17.001843 -140.807133 24.495370 204.479957 120.621165 -182.809894 36.036589 -27.531768 24.245147 135.021600 -111.138176
11 130.743786 37.472257 17.295399 -36.626998 -65.374599 152.363791 -64.559940 -234.478068 120.464785 127.990659 212.840063 -104.255333 -234.515080 -164.877022 -11.091443 -22.442252 3.258897 141.687734 -1.496039 18.816894 -114.228219 -169.686329 183.366256 105.742617 -28.411207
12 294.675202 90.109148 -278.387579 -38.524695 -190.759565 285.185192 15.021784 -68.070044 -23.561658 -0.422531 -49.846359 389.912942 -3.970409 79.612223 -197.718969 -29.055098 36.450046 109.987531 -134.020695 -201.841054 -55.911678 -109.143458 -77.473629 -5.859833 163.613313
17 -91.398390 180.563425 -233.998196 -62.325221 -129.978234 -270.185135 126.120001 1.385820 -13.919678 -29.718509 -197.267133 -21.979401 5.743025 259.134656 135.516295 256.293378 307.037653 -407.682936 50.722258 55.623432 -118.886177 192.102434 -81.083056 7.032331 81.147355
13 -114.666168 -121.309581 -57.331773 26.308448 -30.097682 11.633418 -87.096519 -111.195657 132.172330 0.023287 77.052916 133.219236 179.927549 -191.985124 69.775047 105.712113 -115.561752 -87.698345 9.095802 113.329716 31.088827 0.029910 32.759580 -58.048033 52.862429
24 2.938940 8.629212 174.471096 -261.656914 158.987747 49.917744 91.384845 76.143511 73.950071 170.011131 -43.851382 -91.346536 -121.952245 -363.976571 -219.295842 -108.222030 -25.850086 -25.061786 73.307828 226.031403 -57.916335 -205.970763 22.312742 230.862530 166.151880
15 -80.519039 -146.439556 -236.556029 -188.051930 187.553383 207.174968 130.060609 -197.980834 160.268121 -9.551031 11.346406 153.369454 -167.077620 -185.254918 208.398993 85.028256 -15.757039 -168.657813 98.528715 2.127945 83.598986 20.165570 -80.516106 -78.723126 207.463637
3 123.125844 -73.362795 172.660258 57.588428 113.622063 -131.015605 -111.387355 -13.470672 -45.629191 36.789146 94.132192 -241.574869 -40.217166 -19.217663 -107.830321 -149.237620 -111.189609 94.818245 103.469755 117.112023 10.647196 47.022926 99.540779 13.603354 -39.999608
17 -79.403035 -94.287101 -5.625119 99.813581 -86.494101 132.076930 131.960346 -45.949459 15.439518 35.307742 -46.244329 -43.296817 -16.950116 -21.508725 -138.136469 140.656766 154.687667 11.695012 -206.695906 77.824367 -122.622094 46.980047 84.585557 -105.634508 81.820160
12 74.397000 -129.432619 15.610743 4.694618 -38.519543 -9.146115 -57.027522 -95.146817 60.983988 -118.598281 -58.189360 118.203291 16.615704 111.682438 62.138636 -9.906861 106.506933 -71.257649 -125.303337 10.553330 83.301658 -57.476053 83.323434 -14.540462 36.532953
17 -357.280384 62.530568 31.137408 -97.596798 -395.580670 -5.190560 -44.627241 157.292671 -204.084149 165.211910 88.105733 115.685644 -40.785226 249.841007 300.554141 196.850185 349.938102 300.360489 -182.874824 -73.224367 -163.260158 206.367031 -386.513229 -65.470754 -207.386124
12 -162.431615 -157.344459 -69.591739 -247.070994 52.853882 196.349990 57.569572 -245.820538 164.244987 39.606929 134.773053 299.571437 -240.899114 -81.317443 76.063966 136.970879 32.022612 -85.837178 13.601125 -78.033111 265.490759 -204.659311 1.285898 52.942035 49.658396
1 235.635110 -96.501570 13.819926 233.059693 145.454178 149.930761 71.215985 91.997941 51.552013 -226.172059 103.467780 -67.430165 -29.943151 -195.688786 -223.957649 -78.464908 -84.916916 -0.447912 139.413223 93.978246 -109.753064 -202.078291 -4.788542 -121.971318 112.589327
5 0.339252 -9.742307 28.000776 108.791886 181.868946 92.111281 25.709003 33.725166 -91.220288 -31.709599 -86.489710 -20.661751 6.713168 0.213771 -35.903422 172.642146 -79.400606 -2.582596 -35.742986 -66.968106 -8.513362 111.171482 -7.357923 30.322086 -315.316670
25 13.487840 -70.676074 -67.408316 -103.367597 8.284127 138.178448 -41.610101 -74.853429 79.578469 -4.430594 -38.192993 66.423994 -306.625869 14.824830 -87.843530 190.455250 227.363041 79.108986 41.179418 99.007710 -135.307729 -134.231418 -19.578085 -110.229303 236.463210
9 2.721897 187.676644 -53.425801 1.405006 3.330355 -123.671724 55.774271 -198.821659 377.834045 -85.770562 -37.395585 -103.048025 67.811663 -75.983952 -22.232402 -69.856872 -269.767338 96.090017 95.678423 -77.720364 64.152249 -94.450643 162.959534 -21.264959 117.975764
19 20.858029 -44.853741 235.431509 66.378419 96.751887 112.624290 -41.078155 -54.129223 239.732068 -164.727576 -30.521028 -90.414073 70.081367 30.701346 -63.615042 -315.702477 -263.067226 59.145668 307.710917 46.192564 -9.502432 -115.095986 5.511860 -68.194450 -30.218868
23 -14.388672 -112.966814 -223.090394 -45.407276 85.822767 -273.908317 -182.733882 231.025677 41.733461 -101.791231 -154.770694 -74.227238 104.542101 204.433081 8.116300 59.995422 24.556703 -303.427184 -12.832503 -48.268372 218.634455 -154.090883 617.084387 112.241912 -6.282617
6 116.455476 -193.335024 -90.593919 -57.272164 115.445227 163.318284 19.629035 -35.194448 -150.445609 25.302758 -56.087399 159.744416 114.098717 -2.086812 -47.806048 80.525736 51.508993 -44.801076 -84.370993 90.266360 -189.281394 39.534022 -29.858194 -78.240169 83.544328
3 221.557741 -128.552050 320.210432 46.565958 -25.006369 -144.816993 89.781225 11.289449 77.370372 65.415252 106.259369 -167.591647 232.782124 -87.949589 -246.427429 -315.883442 -214.359472 -27.477542 156.639720 -111.240490 131.579237 -158.075114 117.272450 185.209119 -134.552145
2 116.298817 125.420635 -42.514833 20.749853 29.712876 -1.337803 79.422269 15.851708 -2.973090 -185.720959 -64.209312 -187.387721 -17.541370 119.493150 65.313803 78.431917 73.508521 -81.039062 -25.520673 -193.014242 68.259278 -44.285295 12.207375 0.030472 40.843549
1 320.626589 -45.555027 109.348954 -219.809303 45.885415 31.285185 104.424739 -66.701959 -186.035402 54.470144 -2.694689 69.857532 -83.381462 -175.511736 61.989154 -196.532986 -237.137205 -53.572209 307.081183 1.563977 140.608196 -78.757741 134.831408 209.147784 -245.430238
21 137.995979 90.527325 -13.392606 35.585174 -98.987306 129.396007 -94.963463 -128.888636 -100.181709 67.734539 122.194441 -201.123778 -56.256075 -147.427831 -50.347260 -111.333497 -151.864861 -10.388026 -4.014482 158.532339 194.520096 -39.980280 -64.324212 181.267578 155.720492
11 -69.006820 -110.448268 46.317890 76.998382 172.737749 160.656075 -7.039833 202.304206 100.384421 -85.088113 244.705580 -95.267700 104.927777 -187.538789 116.737336 -123.277691 -204.575817 -25.425736 129.852250 -176.856252 -70.297145 -13.646909 -107.151510 100.799152 -180.800084
8 167.829549 -177.308748 129.893323 9.252754 92.386987 46.317590 -82.952247 269.280918 23.769813 45.891985 110.981656 -162.192854 -267.527777 -116.032623 -120.612864 -189.969151 -40.758018 54.703207 34.639505 -11.485614 31.132281 -133.699924 168.655914 161.676334 -43.871981
5 -118.229025 4.124285 116.478075 9.073804 298.438517 86.860064 -92.217292 70.521329 58.586778 24.908688 285.781297 -256.143605 176.940794 -208.127160 -153.423319 -427.592095 -130.193318 -72.626437 92.917597 188.881227 107.378776 -195.664588 -58.635596 213.333398 -21.372341
23 -145.370089 -2.924360 -71.311038 -23.032476 -132.174058 -186.704197 68.828239 -52.226318 62.894805 140.959063 -5.246553 -95.624632 76.969778 104.948578 -100.685668 -20.896707 -60.839171 -41.283151 -36.027128 130.070704 17.249916 139.376456 232.730457 -44.366281 44.683719
23 56.437685 -59.730344 129.763368 50.494275 -92.919855 -109.759381 -107.077173 -6.445278 129.597501 -248.153227 208.956516 -127.579302 174.147753 -11.532642 41.619100 -14.433617 -194.401548 100.603012 -95.015948 -88.588229 57.038990 6.702051 288.548316 -120.457971 32.186008
18 -61.812635 40.092041 197.045336 37.412408 -2.165227 11.452279 106.049327 -7.766436 14.297247 -82.845190 165.160278 -245.217316 119.369399 -79.591955 -105.046702 -160.123578 -473.076136 210.422178 -18.575924 27.091871 186.987996 130.259055 -127.096901 -32.652723 150.330830
9 -39.069085 4.384091 69.224690 127.093455 -20.049438 101.494696 -143.679917 -124.816064 158.575996 -2.634068 156.864931 -57.849655 -36.272734 -55.100212 -17.550177 -160.166076 -23.556125 128.733886 -26.856770 -90.707234 23.039835 -37.656075 -16.233933 142.957438 -60.171429
23 -11.882374 -27.314957 -76.896164 263.087335 104.462248 -261.118844 125.471377 85.093454 -336.169181 23.625443 88.803554 323.471087 -111.010482 117.146119 -203.865844 -67.353412 32.566725 26.739957 37.579387 -256.635555 -179.109369 -275.030246 352.404978 -82.668762 308.603507
5 141.092728 132.393017 -233.660935 -23.534407 190.978278 153.107971 71.169457 4.318680 81.604245 -222.024330 -136.001708 51.363153 -185.246177 11.833918 7.337136 107.197093 -77.751511 189.101463 31.855761 11.711813 -15.808917 -85.127810 -27.007058 -186.515830 7.613733
11 33.012307 30.608213 -47.522959 45.594990 30.300096 -114.464639 57.719236 -163.409743 0.558068 -4.470774 184.930498 107.487257 -110.282735 -45.879149 -12.768589 38.255302 -65.337338 45.939403 7.908235 155.928291 -84.431615 -206.092639 19.392976 -65.528511 162.554110
14 -174.557092 20.213372 -454.789149 91.860919 -334.734392 118.462188 19.867446 61.718806 -266.079303 227.120658 -143.340965 96.976830 -140.047647 515.527567 270.581072 199.327984 112.143572 -129.757227 -83.408658 -280.499087 -149.255310 393.218957 -285.600570 106.424571 208.625446
17 105.581013 -54.159078 -166.954882 4.178607 -22.072847 178.866178 64.410164 -14.495907 11.804461 -96.948620 -225.652557 33.456572 3.897308 127.192018 92.585262 120.317705 223.212892 -121.079493 -245.513176 -4.067581 33.875746 120.164339 -48.821395 -152.408725 32.631798
5 -77.206357 33.639021 -103.836086 -117.645138 355.084693 -145.417600 117.482125 -25.628750 -87.248235 55.083469 -49.663593 127.548115 -82.380280 74.420226 94.883278 52.528868 -107.152161 59.028980 137.605816 -29.613535 -44.689646 -172.083575 27.567380 -130.854908 38.547973
9 -29.365725 200.306291 -41.239035 -86.434573 36.926548 -6.302044 -0.486632 -221.451870 328.991273 164.567835 9.206619 121.092511 127.622151 139.934354 -213.446654 -171.334226 -119.046504 -149.038661 -85.003620 91.794632 -30.546150 -44.565943 87.216079 158.601615 -267.998704
2 -118.310206 191.890812 0.841910 -73.337031 158.334188 -151.541360 -98.626684 -191.912988 160.080238 136.024374 16.029279 -203.944369 61.925014 -113.526523 45.165284 53.112158 -57.664982 19.855792 108.112259 104.530316 -23.960235 -75.998208 6.238011 -31.306365 77.989161
16 -44.890332 67.940223 -266.234954 78.205440 120.675132 5.117323 147.086337 -114.767423 86.416757 -70.767356 1.095309 54.707338 72.752095 -88.120257 123.249509 206.159638 188.775460 24.977676 -124.746770 30.591702 -163.375946 1.383555 -113.362129 -144.799191 -78.068962
16 -126.588518 176.843521 175.140932 -57.870065 97.375306 202.201828 161.997476 -394.874761 -36.512238 171.824363 73.338298 162.698019 67.360559 -39.612424 -87.524398 232.301096 189.854191 -99.709701 -292.177016 44.276848 -107.718505 -493.203596 201.855435 -87.280953 -133.995873
9 -23.139877 -83.206976 -67.200318 3.324076 -174.059535 -138.106987 -97.864915 238.771232 239.979828 -62.589276 62.031140 -77.555634 192.332481 77.213650 51.340435 -127.568227 -25.712979 95.855022 -178.428813 -6.032255 79.985282 -160.378112 -12.183413 58.153297 135.040813
9 127.795723 -17.509568 -5.749685 -109.186285 -90.329967 -284.100638 -116.820998 -77.423935 436.737700 -289.930065 -136.301528 65.752888 99.942998 -158.426520 -36.745205 -37.078450 240.664535 -39.933980 290.568463 194.151991 99.115634 2.981182 -154.362181 23.432393 -27.244648
8 -41.782683 125.821375 -27.362746 54.843008 -128.507698 -97.133188 -46.904294 262.674409 -84.436266 -83.594349 -46.941660 77.702515 69.065839 128.490580 -24.260872 -83.212459 -3.125759 101.080852 42.085415 -101.053486 -70.719836 -170.492982 73.040143 -17.378166 92.102193
8 -150.845478 23.492426 100.594049 -113.608420 -58.057036 131.328862 30.485816 319.822238 -51.674962 -72.257412 -49.802722 -58.869467 129.105237 -7.541061 47.330994 -105.173352 -112.219911 -48.263227 98.230740 -147.300973 -111.050016 143.114067 28.983443 58.675330 -24.499313
22 23.362404 75.090106 381.104459 44.959892 -320.703680 -137.312635 -156.569404 85.853689 -230.161386 201.596242 76.276563 -276.252466 152.157045 17.725261 2.452349 -33.748332 -82.122492 233.203967 9.649473 213.912413 -54.205335 414.291131 -418.236230 -64.488213 -157.834898
10 22.614689 -59.864522 -78.703259 -100.728975 -46.597762 56.264058 -25.106850 211.694515 -24.303370 251.008123 102.195201 4.273785 -131.802003 156.116695 -58.454328 -33.932482 -186.376061 157.517687 -248.285744 -315.364743 170.931704 113.361261 6.524051 -28.468194 85.486578
9 27.363739 88.113919 9.146736 -139.880909 -114.947250 -54.887898 -74.978035 153.802348 166.673714 -24.073853 50.110897 56.503012 -28.178824 -8.418079 19.010097 -49.500228 46.601859 71.286365 -112.510519 114.088366 -84.237600 -171.465460 19.132817 43.425909 -2.181050
16 143.138751 -275.097819 153.989478 165.568143 -256.060477 -17.416742 288.557326 -203.754099 16.961660 4.442015 49.119758 -19.556585 -94.037650 -127.726622 125.908010 386.786353 73.312939 -27.248013 -162.251533 -397.563505 -62.617341 -65.879107 138.972127 202.379019 -39.925892
2 96.831963 205.042083 86.408566 21.869278 76.243211 -152.852718 -62.549307 27.122842 -285.604844 95.783952 163.629476 -164.805890 88.504183 -213.366711 -53.483156 -215.445145 -15.410646 128.439626 8.578145 143.158422 -192.285773 156.107023 -2.029746 76.620500 -16.505443
4 87.286252 13.192747 59.545446 385.575385 -3.508051 243.876968 -83.557369 251.285844 -211.035641 -82.929788 20.275777 -74.207562 -66.642953 12.361371 -195.185815 96.298301 72.877853 270.210218 -131.001040 -145.372237 -5.022889 21.596285 -109.725029 -427.035080 0.841133
3 63.932662 99.364064 180.648962 67.742444 114.366567 112.458456 54.599666 23.553959 -73.335166 138.644009 15.153521 -82.069464 -163.016026 -57.719426 -116.438862 -56.162395 -11.588495 114.248686 -63.304278 -67.357938 -64.459726 -87.431949 -120.223822 -31.961890 10.356331
13 -24.326736 -39.994345 179.111708 -116.156009 -128.281846 176.971551 111.297439 -156.716315 254.180076 -268.561877 41.304510 -92.892104 336.063224 -202.643261 -91.903269 -52.708649 -102.562515 -99.822657 187.601525 112.899672 69.138317 -18.205965 29.973950 -233.625630 129.859181
9 -142.277062 -66.645592 -77.587781 142.575038 -156.705488 -21.289912 84.240870 49.875086 326.916189 -120.422553 127.401984 -86.546311 11.819831 -19.745893 52.501577 82.719035 -152.618518 -178.150126 92.991583 166.398190 90.208846 -142.914515 -40.232668 44.648336 -67.159927
9 98.530471 241.356694 237.185745 168.313381 -164.066660 -72.619230 -71.642023 302.847025 328.304544 4.760764 193.007638 -38.269416 102.725726 -63.983860 -331.799195 -225.205353 -264.008667 149.422333 -196.546350 -69.358805 34.576763 -165.952691 -139.394698 50.796078 -108.980563
17 78.237822 -377.906299 -85.628273 124.921261 -151.712773 -57.951518 95.840409 133.500820 -207.437814 37.025402 -48.246024 50.345055 -79.045334 -85.147135 -18.812041 280.616529 552.657172 -180.707644 66.090085 47.605997 -253.247725 98.402913 -17.108896 -76.162641 73.870966
25 120.532422 117.803238 16.780724 3.273542 -90.084027 -68.443024 -249.385186 27.710887 -164.562360 150.582053 -22.512478 17.976457 113.826492 50.559550 -116.693686 -105.629895 -41.731868 -38.687672 51.573410 177.162509 25.442343 102.756660 -116.444698 -164.247376 202.442055
6 -120.777773 69.412000 -14.559868 -20.971009 84.750094 222.006529 41.950834 17.542428 96.650922 -7.183277 50.691016 30.527607 181.926452 -170.962042 -67.196717 5.130912 -129.181963 67.387046 -47.194945 84.805759 66.800212 -172.384149 -253.035226 -51.967603 35.832637
9 -10.680965 29.898862 145.505035 -31.848755 -138.203231 42.759151 80.545587 -367.148448 208.896900 -94.260677 55.102586 -10.139774 14.693026 -6.938348 62.953704 59.855256 -122.857448 -52.616358 -38.470178 -70.869609 4.615305 135.163138 -51.691292 104.981657 50.754928
6 -80.640240 66.713682 64.617138 163.834920 -167.980446 241.681533 -43.815437 155.326671 68.276250 -7.139572 -12.516463 -14.697853 -302.075246 229.182907 -37.078118 114.501222 149.771505 -125.855040 -101.738690 -97.636470 92.925794 60.845590 -263.898451 22.511669 -175.116749
9 24.931732 38.901635 25.135738 -6.240423 -56.576502 -237.829837 207.298355 80.391967 217.163208 -211.260125 -33.163303 -222.339162 -137.317654 57.844493 -40.192053 -9.885918 58.428423 13.095820 -150.688525 -92.403991 84.668618 46.745370 156.874644 116.055488 70.362070
8 -65.426703 -87.961350 54.946478 -101.811840 83.084311 243.376453 16.965595 373.266665 -233.750503 -172.742486 124.640716 -110.359281 -103.798961 -67.380625 92.029718 -110.709823 -69.866196 148.599652 -42.231571 -73.941494 17.956255 69.072959 -19.364829 -44.779181 80.185834
5 -74.672833 -40.860484 32.379875 47.175927 171.708895 14.805467 28.701924 -23.709767 47.261459 -68.053526 -93.486706 -1.276622 -48.709565 70.212340 -89.761581 16.327400 15.443473 4.103546 68.086282 116.311147 52.498361 -160.966045 28.868897 -27.095326 -85.292629
20 -288.992766 -27.854329 -226.021867 189.404453 -81.120910 -93.830195 90.497879 -190.954006 120.992018 -56.865611 -164.933568 157.453967 -80.150266 233.189520 69.681679 164.550592 21.267810 -117.193995 116.032618 268.679517 -29.514695 84.739791 -11.847331 -174.683391 27.473024
25 -235.099074 33.664443 77.927006 -50.291166 -36.218931 -122.501238 24.433360 -97.833586 71.530625 27.189667 98.307634 9.520813 -70.643694 75.992484 57.243065 85.701388 18.693397 -17.275174 -77.764077 -17.597668 -65.075987 47.904270 32.729271 -29.444551 158.907468
13 142.979628 -127.137070 122.286633 -7.833687 -16.480095 -10.571251 -45.725162 165.248360 25.881352 15.577560 -114.303080 -88.665575 187.676699 -17.901653 -170.117619 -113.237261 -17.423409 63.377140 -3.678392 -26.503298 184.051214 -64.430357 36.775022 -0.764687 -119.080955
6 13.190257 -17.039345 111.419816 132.164063 -112.144313 265.907923 -23.241882 -118.604327 -62.658437 -17.497534 138.954871 175.696340 -208.531645 -11.141713 -120.059131 37.551996 -14.144719 -117.893477 -62.793439 -59.186268 76.966141 39.223169 -124.493436 95.256387 -16.901527
23 -31.644138 -39.390694 33.205944 49.490281 13.248114 6.096503 34.214427 -190.320048 -38.546038 260.062465 122.510287 -35.629273 10.750950 -109.874523 -233.237430 -113.161456 -192.776990 -15.774601 -32.383099 -197.496968 144.825817 -48.600371 300.938440 89.928354 213.564219
2 -18.299698 95.013524 -1.002189 -46.785243 -32.873833 -162.506218 38.610306 82.357985 -15.292400 -18.489035 62.760664 2.086307 -139.770465 0.910728 9.250631 -29.293461 66.018286 -5.337896 -4.269823 -93.008556 42.321132 33.104897 21.890509 49.830618 62.773458
5 127.687759 86.228566 30.666287 192.451783 221.895619 44.010080 -16.096894 -82.257522 -123.264364 76.713982 113.971804 -130.548695 -79.817621 -213.967459 -143.258895 -35.298857 -33.241458 107.980988 71.379122 -77.018418 21.823237 -212.734600 48.924567 3.995530 -0.224346
12 -262.406836 -89.667685 28.198921 98.781097 -97.184056 -73.963539 15.136726 -14.580938 115.200852 37.220199 26.453505 254.238697 12.079537 181.576676 -8.770880 67.929453 158.753308 -98.683213 -35.190139 31.385482 36.791235 -187.188119 -88.741090 -18.681925 -88.687462
21 -224.909827 61.807915 174.053775 -113.689639 -32.811672 91.401697 -95.159551 -267.812899 284.659443 -277.807527 285.991268 178.663266 36.438943 -373.417707 98.980913 -191.401158 -265.559265 -70.917321 82.025455 104.917460 381.812399 -23.776166 226.672967 47.338005 -117.500686
1 606.604358 -42.720483 210.166402 -112.689849 58.349119 -418.456177 -469.445758 -209.938161 254.835550 -197.401222 101.761998 -65.631456 191.092438 -184.675381 -31.691991 128.614742 -158.237496 247.188305 193.023924 -71.771475 107.099216 -360.717928 447.254846 -42.829925 -179.783601
15 -55.590518 231.114065 143.145625 -194.345153 175.401474 29.601460 -167.398424 -331.649577 47.757182 171.805842 -4.093398 18.228671 14.577665 -252.171829 276.392669 166.191121 -97.238825 176.211682 -128.889898 32.001302 72.851015 67.100592 -372.806895 65.079290 -83.275213
10 -191.394519 -173.509696 147.723017 -77.691361 220.422574 -316.856752 43.069016 -118.685288 215.402630 281.587781 -58.721388 -29.035524 36.255191 -87.567713 61.453118 -123.034586 -173.242968 -173.745061 172.992129 147.352123 137.206119 39.393756 146.013060 76.902919 -202.288774
6 -30.873211 -163.846294 241.851466 158.046632 -171.300466 383.282075 296.516589 -85.474774 88.733690 9.575596 58.069856 -122.779093 -177.161947 140.738929 100.529137 76.495612 27.171848 -154.062561 -87.582638 -288.737603 -15.771924 -113.999829 -67.438199 107.016409 -208.999295
3 74.575250 -194.969713 289.618213 -317.196330 256.516022 -151.084242 151.133421 -66.963834 -138.869283 226.495528 -36.310744 131.304428 169.366003 -142.262402 -76.130650 98.251297 -110.392210 58.774813 105.774851 -69.251010 20.894838 -41.805009 61.672458 -90.446984 -208.694772
3 -215.013638 56.563815 242.343314 30.562045 167.048852 120.917670 -159.096877 24.686358 -32.239644 -122.011432 108.331452 -154.842556 101.839140 -115.589878 180.254945 -228.318664 -270.563874 -43.649177 200.073790 78.342771 205.407446 20.063975 -48.387635 33.090288 -179.812827
1 494.188148 27.692583 -174.390755 -177.148455 -522.464892 151.290842 -51.930416 334.913857 40.001747 -92.608637 20.017392 -228.676495 38.433325 149.135541 209.105282 -44.369022 152.600161 21.373454 67.677123 -501.671366 -44.634054 40.461155 -24.860216 -202.758858 318.622900
22 -48.674090 -39.252787 -286.162441 149.858326 -109.882698 -13.003824 -224.908669 305.385722 66.799511 208.269211 -93.095403 62.033745 60.180731 187.292178 204.260181 52.420731 -101.269160 -385.758763 -26.946002 -19.296669 -46.160517 360.845171 -180.637874 -358.225958 275.929395
23 80.822495 -329.543022 -142.665805 -369.280806 -34.496555 135.887206 211.550313 42.303978 -4.573936 -68.594737 -138.581526 72.128996 106.828496 -21.128521 -243.041728 -168.229257 -141.734378 -255.302282 183.393228 81.488976 2.251973 171.458613 431.202001 375.896702 21.959631
4 -27.846547 90.443879 -98.862347 296.609304 147.252410 33.309884 -294.259773 166.869538 -54.431290 -30.214717 -260.810969 84.304792 124.928939 -39.704484 82.916208 25.020898 -145.850578 88.700066 158.395806 127.991322 -228.758462 78.028414 -286.943800 -186.187109 149.098521
25 33.250018 131.576270 -99.232929 -42.506389 -62.107936 -148.853757 50.070846 75.985152 -109.362952 155.496639 -13.971516 -12.290629 -61.233699 27.381235 75.113981 141.566613 35.788361 -68.949809 -100.036239 93.316599 -40.785726 -29.453155 -185.873451 -38.851960 193.964396
7 -26.614167 -2.845812 -84.912870 -38.551147 -139.918059 -6.835472 180.560432 -135.374223 66.621706 30.382204 158.459073 25.436712 -278.979499 135.995383 45.243848 74.426928 2.610782 -117.780808 67.872067 -147.539379 -6.416744 54.763516 46.887148 129.051866 -32.543526
22 46.639275 -35.322626 -5.767387 53.536392 85.749204 -0.422942 140.093419 -254.292563 -17.969279 -9.888276 46.076484 -43.813886 -33.997692 95.887107 7.491175 84.732220 28.662421 -178.717063 -86.962313 78.083719 -121.029484 292.450392 -82.735834 -131.122838 42.640119
10 124.837096 134.007754 73.149600 131.807991 125.962616 83.431937 199.366999 15.152353 -39.266896 259.856117 66.385387 213.053235 -197.596793 -87.215668 -269.987151 -63.226142 -36.209203 -174.879505 -181.440042 29.617745 -96.278628 -104.020388 -36.638170 -59.354750 -110.515312
18 -26.023615 -81.509383 112.927035 124.766412 110.269998 40.709430 88.255882 123.660413 127.315381 -139.123845 123.174735 -103.566474 -250.801818 65.414378 24.496578 -163.874818 -63.659661 258.164260 12.672401 -38.815740 -79.692209 61.069673 -180.137082 -25.512281 -120.179786
19 41.339043 75.278717 117.994184 -83.228390 -202.798469 180.062684 -116.281692 36.236595 102.838903 25.843819 119.727825 164.605638 62.937151 65.630624 -52.320999 -84.111962 -296.497369 172.099530 216.919766 27.749692 -266.732222 -150.137864 9.223877 12.078320 -178.457156
9 -105.109308 208.556000 41.894845 -247.000125 -93.897338 -7.378408 -167.308701 -116.650260 343.869158 71.125553 122.679112 -265.836813 -381.973045 12.153136 110.717804 -145.520934 4.703418 -107.617897 170.168399 63.938117 215.781477 113.443422 44.479324 104.684229 10.099074
22 -100.195926 75.142430 -96.679069 0.064370 139.056447 46.565705 22.719798 -278.986398 1.716107 -127.140150 -290.312330 -55.307314 96.943330 5.083627 185.718912 360.359535 358.431460 -601.590739 -172.087151 55.562469 12.068364 400.820878 -26.088023 107.509103 -119.375373
22 -260.552104 38.068001 -302.307198 -152.053132 64.299677 -149.373272 -148.836927 125.581186 -45.267845 10.190123 -87.955840 118.379970 32.017008 282.848559 95.769826 -62.383689 253.291851 -77.013981 -13.727233 206.872689 -127.340427 288.969496 -14.299223 -308.659925 233.482087
14 10.131726 0.562973 -27.622281 -8.498812 -48.329411 54.833141 -147.642033 -7.806001 -240.071363 -62.684229 -15.371771 50.995088 20.404733 162.653553 -11.874941 72.001893 143.588409 137.010533 39.559253 97.719275 -110.402084 46.939942 -34.862432 -115.090488 -6.144981
4 155.346024 -168.978977 117.916573 490.681048 -167.712533 -37.932994 100.168974 121.683471 -152.107477 -171.720022 -185.007851 -150.591640 206.311405 -33.462247 -183.047093 81.198429 -134.681631 -39.043049 211.474771 -373.097546 23.388985 -6.350687 -117.928482 35.880863 377.611663
10 -122.722662 -11.013242 -191.853832 -12.500228 14.551493 140.516654 -56.195349 -42.956629 -52.564766 282.947283 50.016791 78.189784 2.178596 -40.022897 63.509988 -58.975266 -8.484706 -276.336936 216.194137 32.083447 17.133913 233.665560 -211.078821 -208.869940 162.587907
8 4.440042 177.606148 112.840791 52.928078 141.006110 -232.023844 161.159268 286.745304 -102.168339 -73.773509 -165.081114 -77.983336 174.708011 -161.223922 -192.295747 -229.657530 -153.411287 151.520168 -157.910833 32.326957 156.435345 -101.139479 -55.359295 133.267548 117.044470
2 17.327154 191.788159 111.152591 -156.125580 -95.637355 -125.761248 47.490898 36.792800 -67.673742 162.972799 -102.749713 -42.335558 12.926999 24.538008 34.909346 190.359041 89.024022 -220.398980 -136.422580 -323.759069 30.650955 95.720892 77.721640 152.701340 -5.212149
9 180.682460 -87.746054 24.125485 -166.781575 -178.430088 161.376070 51.670351 -73.157810 222.648255 -58.111719 -88.427337 57.519543 93.604711 39.756987 -175.523071 -93.618845 11.426774 -37.192543 -53.527886 95.597654 35.845796 14.763780 27.177069 137.906465 -141.584697
20 -220.188510 -43.316728 79.470211 163.446274 12.994549 -99.453793 -180.677841 142.635717 3.023937 -126.604878 -15.056183 -105.186971 75.260059 117.963944 -85.893816 -119.913119 72.091410 62.864528 54.853328 210.756976 -12.774750 -18.748349 5.628215 -86.195297 113.020833
13 161.402825 -17.347466 -59.920357 134.179037 135.913259 -95.118874 36.092678 2.510987 -37.751571 -94.292325 -41.708031 -149.352611 319.954635 21.970527 -49.738142 -179.597476 44.787595 -23.526757 -13.618541 65.655873 -144.869000 -3.981135 24.669321 -51.553172 15.238446
1 227.937212 -13.323526 17.354179 -89.912639 166.799529 -20.563937 -95.238902 148.849492 163.297172 -243.666825 37.345217 -12.744041 41.809467 -135.939246 17.968674 53.243144 -151.473343 56.061686 -122.278580 183.091273 94.943620 28.802977 -123.412110 32.904227 -261.854731
9 -41.314372 37.809668 137.619891 112.468057 -28.178010 -65.961794 -79.321418 -98.384044 282.682337 44.153326 190.802333 -164.846727 -216.485180 39.593038 -274.120110 -99.256869 -144.406547 238.643234 -238.218643 53.921595 197.876401 22.900725 87.945963 48.429929 -44.353153
12 250.457027 47.072424 127.125757 -289.939501 118.760103 93.552554 -71.678049 150.547383 -152.315563 128.042759 -341.713581 314.603263 49.918422 150.812183 -0.631895 18.847768 37.902668 249.790717 -61.769562 -122.676779 -77.887771 -43.512613 -36.682675 -243.897369 -294.727732
2 122.707287 316.368734 -179.911778 121.017080 -56.934343 -540.371109 -16.346392 -166.858395 282.711974 312.154416 -69.806683 11.268669 263.256174 -129.383305 -139.784101 81.392482 208.443976 17.442399 -18.517382 31.577300 80.340419 -34.059462 -93.047747 -169.553356 -234.106927
21 87.109930 -263.570859 324.324648 -213.778035 -26.804612 148.360832 -179.111250 74.945396 71.360656 -165.491867 11.716839 -38.065643 37.347020 45.873828 -107.522688 -179.666448 -12.655870 230.686250 -47.659741 96.030346 423.494612 -251.036810 171.420159 70.973085 -308.280084
7 -6.450486 -63.683996 -8.939116 102.007617 30.743016 -146.541621 208.401360 -79.305770 -56.806068 98.741458 -70.384324 115.382855 -40.698543 139.525455 -5.376750 22.384077 134.318132 -206.386128 -51.679172 -205.237830 30.682937 82.644309 72.251157 -78.185961 -17.406477
14 -15.988413 -52.876600 74.976383 71.119211 -193.012237 -80.353995 134.541769 -75.194967 7.789630 95.369360 -104.129070 14.745243 20.880435 179.390187 85.977156 46.054531 129.139874 -42.561438 -33.326947 -109.467707 -245.905841 21.128362 31.979629 2.557829 37.167567
9 15.659436 132.192155 -270.653318 -76.754240 65.496597 -57.463248 146.045855 -204.603447 260.253459 66.123358 -109.684639 75.594481 31.806186 66.215145 -51.287131 35.104380 92.582464 34.395861 -191.154550 -22.456920 186.736966 26.151834 -136.778712 -21.474029 -92.048008
16 87.917267 114.141317 -357.111589 -34.471903 121.125634 25.410721 -187.284998 26.031703 -196.849811 -123.942771 -169.891012 76.427647 -171.229403 190.060940 27.812989 276.989272 148.164680 48.698944 83.682258 228.890099 -40.906298 50.930217 -23.395369 -112.664148 -88.536509
16 8.874802 -116.543943 -101.841058 142.894543 -165.839862 -19.877471 152.045240 -105.405421 128.019142 34.849162 -86.383139 111.553812 -10.932130 25.658433 -101.251848 180.329612 172.362485 -107.244996 -63.385503 -91.596511 64.645769 -36.951511 132.873556 -80.102469 -66.750687
14 -136.190025 -47.278836 -151.509730 -64.046121 22.354590 30.298950 -10.962585 158.077626 -122.059882 23.758452 -225.750502 117.975111 -116.815723 250.650261 183.776187 151.892285 38.539612 -108.613314 97.054112 59.311442 -174.663244 82.908946 138.570411 -155.594193 -41.683746
17 -22.128443 230.310020 -49.938861 -63.006447 139.719950 -222.070084 -33.809300 66.776295 78.628362 -45.981525 -254.365103 67.994506 25.972507 8.667256 30.022576 49.066693 251.880985 31.150365 221.028890 -65.747549 -233.596071 -102.940886 40.004207 -151.031635 3.393065
22 -40.004269 -211.969580 -139.742684 -22.531565 232.411597 -42.434396 57.383037 10.885559 145.874971 51.396438 -162.568989 0.552590 82.085514 237.391394 223.198519 -137.329313 140.063438 -350.341727 9.730332 32.891617 -58.662489 341.993663 -314.243998 -35.165355 -50.864143
10 -82.695385 -10.377306 204.800430 -117.210486 99.595268 -245.287095 -19.292608 42.842005 150.057982 210.518441 33.028107 14.439920 24.053924 149.562324 -55.164382 -167.451646 -154.080819 29.002414 -10.292990 -170.917853 18.185891 -83.162651 54.602134 97.637674 -12.393771
17 61.051461 -68.125286 -246.185486 -26.141179 141.907687 -88.387083 81.484678 -140.307632 -40.464646 -118.921999 -261.346513 185.308895 177.408251 2.951784 129.759501 202.577878 247.449092 -277.765221 -140.735606 137.067988 183.634951 -26.939251 51.499533 -180.311110 13.529576
17 39.102980 -157.829660 -326.732146 -185.474545 -185.440838 125.412966 -19.226121 -120.981154 38.194433 -135.327928 -306.492762 214.423860 24.693287 200.324724 250.040428 125.564147 493.178678 -128.760401 150.949038 -1.905727 159.302925 -54.614216 -44.523535 -46.671967 -107.206181
17 93.199909 -161.418268 19.966445 139.751335 -49.708627 -174.623604 -26.360607 28.611325 7.106704 -117.543320 -78.236495 122.315788 -72.542694 118.097046 187.759859 104.837244 299.978421 -2.293989 -163.349116 43.239392 32.570301 188.113961 -254.681330 -12.090707 -272.698880
5 435.088770 12.719461 389.014870 -251.300406 610.628901 -583.686678 -180.966770 -52.036127 100.168406 198.250847 -31.879090 152.347475 89.551223 -114.414394 35.671290 -310.347774 -219.411119 18.287515 11.214964 0.227955 -108.781004 -103.844826 403.546193 -100.097513 -399.952042
22 -259.679418 31.072314 -49.768464 13.285851 -16.806896 174.509261 -76.375514 -40.746600 196.400353 -40.550410 52.959289 23.712104 -49.171135 -121.526769 223.130879 -11.632779 -126.967723 -197.593820 -18.314050 54.490616 -22.743811 292.218755 91.451246 -50.358981 -70.994285
15 18.262220 -135.853429 62.544637 -208.101541 -78.299857 -177.658103 -40.116444 123.447780 -59.197247 62.317693 -101.939403 59.761123 -28.002045 80.725872 210.188442 3.728070 175.468902 -4.554187 -85.141428 30.440218 -49.907850 88.898839 7.389862 -29.422886 75.020865
24 10.900963 110.291158 -94.925237 -196.492922 -27.420661 -95.667147 -26.013340 114.390942 -139.918743 -7.484042 104.272647 -336.351301 111.363579 15.228355 158.874770 -59.361365 -68.520308 125.427111 -27.447296 -74.108896 -45.296021 96.411013 101.996300 185.749043 64.101196
21 -127.691390 -16.468006 -57.771100 105.392889 142.336200 -48.572381 -22.214967 -195.654096 25.056626 110.470929 -56.708258 130.293688 -54.990209 5.544510 -63.377030 -123.053728 -31.256555 -70.663261 140.414824 65.531962 266.938156 -54.618879 -42.992524 63.306888 -89.254064
4 64.429722 -83.596041 -258.776745 232.832563 -285.750391 -8.858204 37.509753 -1.411583 87.925388 -66.675513 -16.468453 58.438479 -66.283929 -27.213017 9.119838 165.788187 60.344425 84.557232 119.867023 40.924944 -198.541488 54.272774 19.882941 -133.702812 111.385519
17 85.869661 -224.311333 -186.091123 -114.466349 -55.042250 90.107893 113.858078 -98.493955 -151.495232 41.524242 -13.757463 -40.025153 129.043373 257.135585 6.682962 -150.250633 403.877167 -200.933716 8.618705 61.317266 -136.664811 161.088825 -259.943444 168.747041 103.604821
17 -19.393168 17.074196 -382.432395 -152.837137 137.270434 -225.460025 110.367086 -15.990361 -1.445714 -157.685423 -37.496749 -13.253496 -31.360267 24.119460 269.872103 264.593504 402.259355 -22.850676 61.867527 167.075643 -216.810657 12.187402 25.320581 -100.617309 -114.373938
14 132.441419 -206.649805 56.689091 5.514513 156.899508 -364.617994 62.322366 148.072241 -102.052706 180.886640 -20.272097 270.224969 108.468027 275.152147 -285.455331 41.524570 -354.300868 78.494174 -35.816446 -327.234222 23.135580 60.638440 41.985697 103.140055 -49.190013
20 -96.904275 -128.549658 -35.813464 -121.982240 16.946424 -264.502960 46.859025 -148.832047 -18.722154 135.262961 -137.128174 83.059978 151.972349 75.076556 126.082120 52.857658 157.986892 -169.004678 -45.364093 222.087015 1.380859 118.333847 -136.608793 -46.774119 162.281012
4 104.153621 -196.175621 -10.614733 365.194188 -199.458253 -18.480828 -145.179053 -316.830810 -92.035414 56.618442 229.910377 -13.067401 -194.673527 -157.935426 185.202668 293.938851 288.500879 -307.074120 -31.068433 24.635268 77.245217 254.419997 -216.202141 37.907460 -18.930909
23 -128.762794 178.059549 10.586836 -195.995313 69.435320 -128.064812 -68.955300 -21.663152 -180.240156 208.670091 32.454418 -94.827534 54.368306 52.110888 54.403471 10.402360 -95.097103 8.715285 8.135727 -77.064133 62.069351 -73.967209 210.864122 54.214700 50.147028
17 -43.619003 171.374811 175.944312 50.280985 -25.585326 147.906581 -359.221348 -15.110756 -15.385759 -5.182165 -10.572061 26.020332 -92.716513 209.859824 62.402375 -4.877173 278.775911 -33.288921 -308.152434 -109.254421 44.405613 26.491457 -118.123903 -13.001867 -39.370627
5 46.001269 132.614635 -62.417399 58.317409 326.913322 32.726225 -198.964067 -162.442451 72.334584 6.356806 68.659758 47.738552 -195.569389 19.112084 81.749029 236.061560 -89.222953 -54.119682 -258.076698 -20.441450 -71.434165 -59.518889 -135.301125 94.481158 84.442031
12 -39.809112 23.922354 -6.165164 -56.730516 -161.736273 -18.213305 26.858602 -113.618551 -112.883401 0.211492 10.589277 252.358940 -64.211578 94.307168 -62.989337 159.966155 182.833701 51.570688 24.034116 36.759236 -73.598836 68.665525 -14.016515 -245.745806 37.640998
5 -96.161125 -105.361976 -71.371759 -11.967995 130.065084 22.869211 86.189997 112.135736 -21.571471 -43.523479 -82.126836 58.256610 -53.331259 73.595260 70.215252 -23.749760 88.447591 -136.091499 -19.903491 4.377158 42.462840 -53.021089 -6.687282 -40.924042 77.178231
15 -64.004245 -47.673178 -149.808915 -69.817854 -115.336134 36.779882 -142.359641 194.503536 -94.219239 -7.732065 -98.217661 62.398871 -17.032514 22.639260 278.459745 165.682453 29.031185 -48.979680 35.913544 -26.227805 -26.371938 124.841023 -46.666346 49.347690 -45.149562
16 -230.382023 -8.000785 -119.727940 -11.048655 47.553927 134.526115 73.055738 -83.244090 -63.408559 26.452882 -79.496831 231.526230 -151.408326 177.403362 13.881135 346.365156 325.811216 -80.627459 -156.593863 59.587125 -226.826176 49.977821 -168.255797 -177.851292 70.731067
17 210.570650 91.625950 -16.646191 -67.383970 -49.526656 -215.889917 75.253151 -20.971303 -107.797971 -88.727470 -75.800501 -285.668876 79.098094 -88.259686 68.028628 114.776200 362.458648 -280.783262 33.104988 -16.897537 -37.745108 127.079843 102.314884 54.375152 33.412626
24 -79.394075 22.897718 15.832831 26.377941 14.426721 -1.780020 46.716200 18.856037 -49.041133 -11.528595 -32.255184 -66.455258 55.923924 -43.843864 54.190887 8.877004 17.535402 29.475093 23.207228 -132.405998 99.366073 -107.258325 -19.646440 128.536963 -18.611155
14 -27.484238 76.129829 -40.165327 -75.157460 -20.092837 -51.005379 42.580551 -33.989078 25.193964 3.722879 -8.022908 -47.306491 -4.593931 78.055764 38.883569 33.807708 58.353343 28.727841 -12.124232 -51.787183 -35.321461 -16.603963 -6.082694 -12.828228 57.109869
21 -72.674939 -106.022353 -15.290758 -279.815874 -42.815931 107.602958 -71.442118 116.262896 -137.820775 14.820955 39.725668 -74.055349 106.799330 23.461873 92.257345 -111.219051 -27.458614 -59.280187 97.863781 -86.609915 171.211178 76.895097 75.561263 80.886813 81.157031
20 29.155015 -98.104532 16.020720 -64.536476 88.914097 -38.244874 -2.825914 29.550375 48.002916 -15.625138 -8.007300 -54.689871 -9.924287 30.642894 -41.083440 -35.662088 -12.564373 41.407832 68.128945 159.373614 23.915558 -40.138494 41.067169 -124.226695 -30.545621
1 233.356083 -91.067395 -263.008130 25.137393 -72.350930 151.690163 34.807945 -17.047603 -32.614275 -6.135247 -105.251787 108.391327 -64.666542 -166.080794 7.613834 69.948310 19.335689 21.476117 40.658092 113.327422 56.382638 -78.042555 2.216025 -60.842581 72.767427
5 -113.290748 46.372089 -108.886277 35.623049 324.189691 175.086344 182.655921 18.978426 -185.838721 304.436669 -239.112345 93.156310 -65.496987 297.221138 -0.051338 93.254443 -104.612644 -215.026477 -142.338312 -184.230151 -235.788478 25.058539 -64.251336 4.161727 58.729412
23 -28.856787 36.051554 -25.724425 53.465979 11.419007 37.111415 54.643272 -141.582306 -104.416496 71.310949 110.522165 56.438320 -91.830865 -70.080068 46.520461 -21.737884 -27.267913 -61.893681 104.035936 167.358999 -26.056763 -170.644196 186.407166 -73.755624 -91.438278
14 58.810419 65.826063 103.307333 38.717759 -87.962443 121.684964 -30.170440 80.069944 -423.213133 -327.004833 -3.899731 36.106976 131.503171 179.103809 43.355115 -51.923622 52.164549 18.870894 -134.653653 -66.408450 31.786810 -68.883284 142.657089 -25.698009 115.852415
6 -130.268621 -253.384469 -94.900792 239.420570 57.112982 290.385755 69.533814 -118.271326 44.713835 -138.428362 -39.416286 7.014871 47.146428 -237.605875 -271.707146 -46.259678 103.307830 132.698530 265.192014 211.216804 54.402466 -57.531767 -94.973064 -99.381460 59.983142
3 -47.577640 -29.907549 367.898582 -123.631790 -20.291419 31.679467 -118.117417 335.859688 71.179184 -124.551694 -44.507188 -91.905639 52.976120 -6.922265 -5.832094 -129.721874 -305.097178 297.711653 127.083991 -136.655941 13.162760 -194.743037 -148.660457 46.836199 183.735649
19 -56.852111 37.064327 -299.299855 -42.780660 -30.294175 167.554473 -34.404818 -44.088314 156.154450 -92.804143 -182.441556 -145.220752 16.728619 -73.319509 172.654867 59.809488 162.359463 -75.255956 229.062949 9.902638 -95.858806 -137.636055 41.078397 32.954863 224.932432
18 -52.125031 319.206613 -44.653722 221.219481 308.381955 61.514449 299.932734 -16.875568 -205.034477 -313.323625 55.547348 145.931103 -75.311838 122.250782 -43.636673 -68.716788 -60.464052 461.800127 102.206261 -464.813383 -192.412212 -171.203620 -316.343518 -109.398847 36.322158
17 -179.865053 -11.105931 -521.890397 264.605089 6.103295 -74.844942 262.890973 -125.954320 -194.910167 -113.944158 -47.068849 245.734516 -56.969328 -158.623198 -12.489305 -86.413126 283.257963 276.381901 -109.811696 173.095761 233.239453 -351.361041 -19.414792 233.479512 85.877900
24 -48.245075 25.133686 132.144568 -105.412335 -146.114351 -247.892567 -91.156900 51.498609 -17.812737 -27.076650 -123.254077 45.160701 80.679573 155.908714 79.397497 7.449827 -3.502255 92.915042 52.405082 -157.437918 -2.817030 -3.672953 82.590268 178.796202 -9.685042
1 282.130906 -10.345523 270.788076 172.749042 -49.997694 40.864434 37.972377 -318.347868 17.727879 -106.279207 61.583519 -352.997906 137.573600 -182.545625 210.432095 -207.763449 -231.850543 19.366341 -2.351678 -9.533457 79.386303 -56.000171 172.073211 152.043092 -126.677751
4 -205.985725 315.467196 -164.160945 344.381889 10.163085 76.444314 65.894635 -77.373305 156.888743 -90.842918 -60.852273 49.404303 2.544533 -142.815852 -85.163202 -24.970629 -130.040655 -172.309152 157.972722 125.744922 181.655776 -249.837293 162.153175 -68.458428 -175.904567
4 121.503589 -181.365438 -61.245655 327.837768 322.368954 -83.295803 137.991327 -48.982410 52.931272 -33.445324 -22.578548 61.336455 -44.957716 -345.218133 24.802820 202.216735 60.118248 62.712839 -168.416579 102.161058 161.037392 -69.604664 -170.430138 -53.859147 -353.618755
11 59.122763 84.965606 185.462001 128.759343 -108.927663 -122.275960 87.262831 -101.616549 -301.145390 144.286551 408.854818 -187.818492 -30.411398 -212.736742 -385.301722 -186.163281 77.514177 281.620710 55.817407 -39.297316 -65.431405 -32.511208 238.933880 -58.486952 79.524295
6 -17.801392 -4.832969 -138.725209 112.965136 -11.055890 194.161463 -17.389898 -185.535549 178.391372 -90.665439 -99.728680 -18.492017 -163.249667 34.584837 -32.605553 103.997582 163.642832 23.463074 -97.872617 -32.280110 55.749292 127.950263 145.184796 -39.761673 -190.093649
22 -70.509405 -340.053786 120.501769 123.518363 -30.039820 -260.824404 -87.173015 150.671427 24.960951 -194.612746 -40.052614 24.677522 -84.470351 -28.200115 134.297077 261.610076 -295.407828 -177.340970 -212.760073 156.991297 45.128056 471.059015 122.212628 196.724952 -10.907608
20 25.875009 -142.642134 49.869779 88.151054 143.489907 138.771641 -15.805941 -16.876378 -30.983662 -75.806974 76.992117 -242.343916 150.611382 -10.314445 -0.300131 -322.165285 -102.696382 19.629657 -69.665499 194.917408 106.631796 -159.207417 55.075403 137.214845 1.577715
22 66.957657 25.616296 -55.881605 -191.058864 22.282392 -219.804305 106.640475 176.987274 -84.244305 156.816744 -210.309869 -133.868608 -43.811518 -154.225272 149.898582 112.120339 20.382660 -107.545088 65.398895 26.765813 -37.986371 202.207197 9.908208 98.154847 -1.401460
16 72.858770 -132.379921 -210.032951 -222.931601 -139.871073 -9.761244 -30.150755 -37.641209 -327.661458 172.144333 -21.007673 152.420322 71.211706 84.504679 127.760161 355.444406 167.427416 -46.396708 -141.562026 110.970944 -39.041744 23.750753 -189.960121 -76.808749 286.713833
4 45.469031 56.519922 -20.686300 237.508846 -161.248538 -189.455865 -34.741962 89.238004 146.953946 -170.292496 169.443376 25.467995 88.893298 52.132204 48.552896 -50.958756 -43.737630 -124.415846 -44.249684 171.179520 -108.720783 119.544808 -160.415966 -116.767299 -25.212874
1 151.448102 -31.835151 52.126884 32.233891 -266.129491 -43.323724 31.651556 -93.367370 41.180778 23.645980 6.263923 52.208890 1.034691 46.280484 25.179095 80.758723 52.718943 -97.374533 -121.801634 -54.181835 43.534050 119.130102 0.920339 83.942137 -136.244506
25 -126.035676 -90.490314 81.250801 55.192853 300.397628 -16.841983 -105.594150 127.641195 -79.420478 233.774920 107.524577 184.832306 -90.112836 -168.632983 -255.239707 -204.348393 -11.336226 172.172166 56.459899 19.810636 -23.125455 -124.708698 -243.868695 -139.619513 340.318246
13 24.358627 -239.029734 40.092987 -182.812691 -344.729546 98.389190 92.124738 70.867148 -97.639910 -189.479967 46.909285 180.042720 213.657921 142.909945 17.230473 -41.539402 135.492435 144.253970 140.929733 182.179722 -269.859206 -255.134298 154.367065 -93.200191 29.619041
2 -173.102543 297.684714 -89.024011 72.580434 12.556044 -151.527390 83.656382 -129.047949 233.896854 -183.876658 -270.049437 -204.490841 45.923100 164.919569 204.650417 -227.347147 -7.217188 -92.087605 30.584535 109.095924 221.174593 -18.281597 41.367630 -19.187381 47.149386
13 -94.927559 40.994444 -65.160358 100.394882 -2.735620 -59.866765 69.066058 175.900548 126.114349 -62.746564 -124.446438 20.335563 275.283552 -120.601750 62.380631 172.133825 -265.678981 -100.896094 -149.420555 -135.852195 80.514551 -39.605755 -125.098853 153.411090 70.508210
22 -149.348639 70.339643 -145.212596 -3.366719 8.325217 -62.109935 -35.829581 155.618385 -55.025850 35.294535 10.044666 -40.244435 -57.723139 15.984447 128.378594 -137.592216 -40.356629 -192.124485 50.404320 -121.773608 -203.459285 328.023907 -113.546768 236.018264 319.281969
12 -215.961183 13.523682 -277.239841 249.767689 118.434774 24.559515 -269.667641 89.418128 -75.636763 135.530394 -108.668089 345.702882 9.084649 103.991774 48.401385 173.850021 -20.573979 -318.409024 -55.086317 155.204974 10.558625 -40.312387 -50.449038 72.295182 -118.319457
1 189.401304 -82.072990 14.257397 -152.973113 -220.372851 -147.343551 -93.859589 106.213702 37.846632 -232.075004 11.248325 -89.346714 85.393213 1.882986 148.344319 76.610496 121.194715 78.056702 44.255830 53.960000 -8.509631 -30.651617 141.680237 -24.692093 -28.448170
24 -35.244214 5.281519 7.806838 7.516303 38.157594 -119.969130 14.879629 50.171028 -36.865782 7.494410 -50.293188 55.183031 10.991637 -201.256627 22.982655 53.074043 -15.776703 68.296974 -0.785910 91.276505 -55.885650 -48.702284 30.389467 116.541297 -15.263048
17 82.768950 138.869258 59.709917 -96.128568 -58.798899 112.301353 -31.851926 -17.898845 -235.913165 154.632804 -33.517582 145.205730 -194.174389 -50.957487 -115.831785 59.853142 207.902775 -87.654241 95.657888 -267.689079 -134.976156 -87.176232 184.778411 167.036392 3.852163
5 -81.324327 -114.865565 -39.822569 61.488545 216.016187 197.641184 -64.740671 0.829105 73.184237 -257.915205 193.064708 70.660255 -341.361599 -158.036102 35.442172 19.806169 -18.240131 64.279612 23.229545 120.953347 149.321336 -200.538648 30.825616 47.368700 -27.265905
12 5.686891 28.569756 -182.003112 28.563052 -25.898357 39.516710 -144.156322 -140.776202 -42.770878 96.675889 2.995390 171.293291 -29.520043 2.353509 32.192392 83.427782 69.766954 -78.807410 -105.715206 147.135536 92.604240 -58.713984 69.840652 -2.419525 -59.840873
4 -160.848596 -152.759535 -48.438082 335.799692 -200.902013 69.450796 61.379264 230.778221 86.429603 -106.435172 -146.560811 59.579978 41.253039 -127.318174 -84.388646 77.917811 152.029144 -146.259845 -4.215884 46.716865 190.514332 68.179094 -184.355162 -60.747046 3.201265
12 -150.528814 -37.947056 -135.520235 -146.637662 -0.652993 -91.367994 45.789586 39.688885 -45.790533 152.577027 -59.107330 247.085411 -131.320409 -33.724114 139.334496 58.155671 245.783026 -127.923246 -138.826710 155.179249 -6.967964 173.027915 -66.981635 -121.996909 38.672538
8 -76.177906 158.112570 -52.452948 -41.798421 -0.793178 82.361545 -279.700736 227.368439 139.193433 16.091032 -18.996394 -153.279396 88.810418 -133.906314 -250.969398 162.601313 98.772350 37.432022 -73.424151 26.664699 18.451371 156.670866 -49.424886 104.031188 -185.637282
19 -79.846731 81.896399 -33.541345 -91.077171 119.819734 140.923412 -130.914601 114.184159 59.426919 -48.482596 42.829447 -56.755699 -140.795702 -48.935863 -54.564138 -21.111062 -83.589982 31.553689 163.803526 -42.207667 98.266572 -112.647682 -21.730869 -1.285599 114.782986
17 83.111900 38.621997 -120.680867 28.349668 -234.314568 138.603748 73.887523 -32.312473 -16.714901 -117.349655 -96.727979 -87.206600 19.048795 78.393217 22.445441 41.272339 176.882678 -74.689667 -16.051100 0.638385 101.514373 -57.320520 -69.376128 105.735435 14.239007
18 95.597061 155.098794 115.625717 110.969078 -35.865064 128.917021 -217.146583 132.269901 -236.964686 110.307018 142.485686 37.748616 84.171081 91.125531 -259.053679 -302.130682 -144.459345 448.778301 -173.741211 74.150172 -62.269550 78.420974 -164.476266 -311.189947 101.631780
1 355.577354 0.431706 259.497875 23.125225 8.423809 258.462442 -103.148477 -113.330426 -118.647167 78.943373 -207.195182 69.241392 -19.263551 -71.476783 91.725923 -45.838336 -184.197604 -115.296646 132.190980 2.499353 -388.834791 161.640131 -41.536283 -32.588267 -0.406266
18 -139.804516 47.108691 -230.179293 83.908272 -156.316993 -134.319817 -11.797552 51.267656 165.204949 81.114786 151.553059 -43.795669 -58.691893 87.830902 -278.669981 209.953912 205.751841 391.947280 -79.347953 10.708616 -158.807542 61.087902 -160.065201 -143.552406 47.910758
25 -106.857838 47.981561 -139.761070 -287.341277 13.645324 -92.708383 -87.401015 53.930316 -61.376159 -58.272462 23.327603 56.694664 162.846055 -56.110012 -25.755758 28.314577 262.082996 -15.797032 90.296923 -64.141686 106.493493 -36.073958 -11.510723 -109.640820 307.134704
5 3.198483 -55.595981 225.891840 -60.314559 237.168841 -134.235678 -84.241686 87.378447 -14.507270 104.136446 45.201316 21.592215 64.814279 14.853638 -125.427519 -53.602751 -98.295160 55.824668 -110.896307 -7.060363 -2.236652 -22.712447 36.744581 -38.310604 -89.367804
17 -64.873994 252.083602 -428.378115 -94.028119 -330.470120 -176.019149 183.408227 -228.360061 138.369845 -50.470501 -233.899016 200.423932 -356.584626 91.303209 247.040548 516.129839 697.594478 -166.748157 -142.161836 -150.234096 -0.371280 29.495438 177.842752 -1.515554 -109.576865
22 17.575448 34.218299 -318.876950 13.811845 -377.877698 -47.984179 113.350860 -65.149557 120.815238 196.822054 -41.426274 194.554237 -64.372121 234.245079 -73.782638 127.647908 69.874911 -9.720852 -88.555583 -143.836185 -9.015026 269.571861 -163.245408 -238.345719 249.700261
20 -114.075899 171.561438 -53.763121 -203.531140 33.553605 147.476026 104.548783 -254.572350 -52.755122 70.832703 -79.684898 -9.812787 65.500261 42.674250 93.959392 42.938986 44.271539 137.640140 86.468568 193.742389 -244.352017 53.209744 50.348266 -243.034962 -83.144085
5 22.394767 -169.418795 39.981001 189.369493 333.301352 245.967858 26.165916 24.427030 -230.516599 -288.972043 122.907728 -57.587812 -29.047761 55.484673 -72.839030 -100.272741 27.665783 163.853973 26.367094 -167.402739 319.773721 -380.420403 120.608842 -282.044891 60.253422
22 -418.458038 -12.297881 142.705806 37.720456 -79.918298 -17.356593 57.745556 -24.165365 -126.131750 230.861556 125.433749 224.880306 33.395635 -21.952510 -243.910886 -42.994742 -45.051678 -176.671835 140.309222 166.056127 -38.038790 368.578969 6.017347 -333.664099 46.907501
2 214.240737 539.454012 -32.260836 277.803795 -143.792485 -52.334452 -396.264912 -108.832342 -336.985247 61.327615 87.695637 110.961490 104.072948 -217.067099 -83.699273 186.986337 78.519987 -77.859881 -33.137513 -15.252443 -279.509877 127.233715 139.344864 -132.610199 -18.034942
7 3.777761 -126.574596 3.791494 45.233821 -151.046718 -23.972760 227.924658 -103.187469 -79.412820 -13.548881 -51.986506 48.115887 63.441348 167.300509 -53.708489 -197.691999 -93.623294 115.334281 172.683536 -178.862622 26.275438 -125.210569 190.036182 156.453214 -21.541854
7 -109.993773 145.857573 -0.066297 176.898220 105.972412 -390.987861 265.465181 80.170543 201.211245 180.794467 130.730388 -547.945176 19.301463 -93.459509 68.241752 -149.668187 -216.217154 240.090499 -79.989228 43.083467 -155.988714 251.607978 -352.616064 112.352928 75.154020
19 -271.074380 165.625662 155.210974 -142.615389 -71.185241 -96.802472 -109.521636 -245.774150 -98.751917 29.366269 -182.104982 276.224709 14.404426 155.302594 29.101131 -71.517033 251.226964 -36.515619 435.928088 87.663302 59.338437 -228.427128 -96.251830 -133.041951 124.191454
13 107.480153 37.273136 -205.906278 -382.446887 -33.224528 45.686803 -78.311171 95.466893 -8.457686 183.043684 62.007792 269.711668 333.515298 15.391893 -52.203011 -106.663769 -185.428502 -99.501354 29.502155 274.058497 -44.719698 -16.186507 -73.777113 -234.264314 67.952841
6 -80.786247 -161.935966 -14.611634 114.666470 -87.502880 233.967542 169.901582 -165.926387 -151.401563 99.332079 31.035218 134.859379 -26.582096 -163.913513 6.638365 220.645068 -7.595214 48.923640 91.202922 21.590908 73.548734 -156.863466 -45.580014 -206.011874 22.399250
3 106.651664 -86.352668 320.970898 77.150749 -118.242815 58.222295 -99.062391 -39.049954 -3.933400 228.936473 68.283702 -127.640187 177.457480 -213.698772 -168.983716 -115.404611 -68.891190 -25.225954 71.502898 -84.859453 3.646416 -59.604366 233.997833 56.548266 -192.419193
20 -241.163837 -107.936159 -7.014914 -7.476908 48.874996 203.482568 54.049435 99.276463 -307.682297 -23.932240 76.458034 -49.131238 -140.363621 -108.354516 203.476568 -14.339192 129.283252 90.130844 167.276634 217.501212 -37.894228 -80.597783 -32.718426 -225.036147 93.831805
25 -132.255056 -55.056747 -113.637885 0.913040 103.754074 10.283864 26.588536 -38.368940 -29.270232 24.928667 -64.765344 6.539915 -54.369447 -5.398578 -82.137072 65.957221 -43.493280 37.372310 4.834335 122.463539 -35.326792 33.499216 19.927851 39.960745 157.055998
1 260.504593 23.576680 81.955498 3.879438 13.899690 140.800987 -20.142244 38.403379 -168.718346 -39.677620 169.562413 -321.797733 200.376215 -326.686862 -173.565660 30.500524 -282.150741 127.137262 160.388917 -57.745247 -144.200772 -87.460688 157.951386 177.785620 35.423306
6 108.463606 -70.338147 82.374741 -277.801380 -51.352124 300.092650 -20.306301 -63.524025 -118.810149 -40.928466 -143.909875 101.752041 -92.426670 -134.923857 46.017770 59.934016 151.412378 251.181537 -28.454076 115.433016 -169.037552 10.018287 -88.841558 12.884667 61.089681
7 -139.033665 -142.412423 48.985269 138.213536 -19.238912 13.888076 385.351999 -249.359502 -201.247703 132.645398 50.732363 -3.754532 -69.952114 -4.258547 -242.229771 141.723481 287.184417 -192.634231 60.942411 6.704672 -371.467943 329.346413 -109.191877 -46.828427 195.891834
16 215.083348 -169.993589 130.314387 161.459304 -202.873049 231.681426 -78.787703 51.739024 -145.588510 -233.160383 -58.919122 -157.296395 -46.681977 21.405095 102.399339 245.481513 75.714236 -29.837988 61.784644 -227.246929 76.553442 52.870401 43.969676 -40.008558 -80.061545
21 -75.204339 17.358418 83.071302 77.861465 -5.019089 78.539801 -140.293654 122.349940 -28.487109 -104.525996 73.155774 -0.939040 -104.870772 86.840883 -67.165831 -67.694991 -78.176062 22.780425 -219.512829 39.441986 327.503652 -92.585598 -31.888743 115.363173 -27.902693
17 44.651195 -44.918752 -4.301610 -275.056870 -83.048600 197.917512 -110.097889 34.243856 -107.736733 -62.971203 -66.196474 44.405196 1.626665 -49.616632 229.115248 5.840809 315.551474 42.071790 76.142194 -98.723304 10.864723 -60.740885 90.642808 79.220267 -208.884644
18 -14.428311 190.341623 210.849535 28.136530 -171.247292 167.247771 -33.450371 105.284511 95.930862 149.079996 171.901265 -214.303563 -205.087106 -58.324487 28.271663 -15.401158 -205.554568 349.966593 -232.219086 -209.212107 -87.076089 -92.986076 -159.496616 223.540214 -21.763746
11 57.954335 -37.049715 164.551130 17.072204 -16.963356 119.555344 -217.934696 6.179371 227.663519 112.241561 235.383767 22.850239 -80.836271 93.640430 -2.977240 -139.670128 -378.879223 52.351387 -50.171632 -147.584285 25.206187 -120.229990 -7.259345 131.640429 -66.734268
2 -129.205896 294.977994 59.383662 -72.880063 202.246636 150.154588 -61.724263 269.916083 -32.037329 -147.247764 73.493266 19.762608 -22.536745 -67.642582 -69.188724 -72.458940 38.444142 217.686108 -292.022058 -56.953327 86.981337 -27.213770 -49.500544 -41.625305 -270.809280
2 -240.133143 185.519768 -38.116890 48.606400 -90.733010 157.387851 167.822833 122.470297 -159.830731 -179.827737 53.427233 -65.883103 -86.571192 -152.040188 87.337906 69.729676 172.871227 62.932822 -16.500181 161.434148 -156.578888 140.942199 -153.907536 9.746961 -100.106570
11 115.241047 -400.653966 144.335155 -18.889362 -24.932344 -154.747627 91.593791 -137.441909 -302.109056 294.056817 309.653440 -117.572109 179.721476 -162.231314 -31.992480 -289.507870 -237.984335 68.853444 94.898274 -187.219531 291.634669 -52.412445 291.670361 220.364380 15.671631
1 307.835334 274.060666 -125.303102 171.854292 -73.806797 -326.909220 79.029008 -156.425339 90.095562 110.314017 136.230275 -166.809179 -193.812499 32.519650 5.733881 171.903267 263.919297 144.029685 -335.832046 -203.403694 16.198364 -42.712913 -117.173430 183.353737 -244.888360
21 -142.708286 130.130035 11.097143 -3.210676 41.101965 230.698616 -36.769536 -154.110463 -46.463368 -29.930466 224.298899 -8.366234 26.283338 91.738032 -185.880150 20.251607 -168.959428 55.229302 -122.838144 -110.240811 310.832676 -129.222030 -14.655061 -14.446597 26.139375
24 342.891312 84.771659 46.875730 -474.869978 -159.381931 -77.468935 -147.453085 182.619619 124.161922 -51.221632 0.846558 -83.839885 11.514508 -393.879376 -64.370456 -95.948813 -365.265666 267.909613 -123.435630 197.955410 394.413189 55.409726 -8.405429 530.534837 -194.362983
8 -409.938512 62.939429 2.950589 68.848565 55.930609 36.630932 206.932233 274.701643 32.406954 -166.125115 107.849554 -228.397292 119.576824 -106.865106 130.250631 -149.143051 -122.148422 83.092090 74.090622 43.653564 -43.340757 -229.271859 -10.913761 78.803370 87.485944
24 181.545792 93.433912 124.883923 -207.250653 264.021647 139.765165 -187.906600 -340.879204 240.436180 12.058257 -157.304025 275.416510 -67.136764 -127.221634 -127.484183 -182.408471 -35.260360 -126.877433 -231.102474 144.473841 142.469707 -218.534383 69.800084 279.696105 41.365165
3 177.850280 72.849576 235.064009 30.402138 -104.438593 -143.224078 130.969008 -45.614542 -278.698092 160.861677 201.143294 93.616549 167.322099 -78.442565 -226.042725 -218.031421 -243.318320 139.819948 -3.092483 9.891121 -56.039082 -180.183977 -33.636927 180.782084 10.190925
21 -75.216175 215.403615 -44.172987 192.408214 -30.902867 -12.327781 -50.180213 -267.941039 268.126764 -275.419589 151.230966 63.593522 -218.121804 -151.495281 33.853085 222.436359 -93.795042 -65.494011 -57.917692 207.854309 287.395317 -352.143551 261.131120 -36.542480 -171.762563
5 26.175292 262.757961 -36.347517 -58.818496 353.835820 -165.104606 21.882137 -163.092999 307.660073 146.724868 131.972633 65.037432 -15.729935 -113.016681 -154.008291 -153.116006 -54.974780 -0.947916 -52.333335 -45.454721 -35.658809 -49.590257 112.098445 -136.940573 -193.009470
14 -221.165272 -5.950790 138.614222 -58.985097 4.150598 105.715167 98.478620 63.079261 63.758248 16.194490 -134.708019 -122.755886 28.069588 245.286675 122.687050 -136.673584 -161.328652 -38.330413 21.921298 -12.107794 -89.700763 98.511626 31.304290 44.192850 -100.258044
25 -162.970659 -328.403999 -260.515656 20.684784 -32.723734 7.564459 -78.779841 -214.339756 -59.821172 251.023208 -141.802450 279.088373 252.084272 130.340148 12.777963 -193.450030 71.332534 128.502227 -11.623986 96.872984 -362.087716 -38.061611 -9.546544 67.183880 576.672181
11 233.634085 -61.153094 298.383542 109.676596 -313.457808 71.233798 -320.402332 -62.300784 -23.317063 -112.965317 303.778686 290.630287 105.874271 42.762795 -180.266906 -34.836978 -21.253396 186.720382 -30.058132 -153.466088 -232.061300 -130.854532 78.327652 171.813600 -216.441789
19 50.752894 -134.405943 -95.105722 283.907080 47.845339 -7.175021 -166.696004 128.904461 15.009853 -45.162661 63.602288 -205.494975 -227.662311 109.008404 -101.132857 29.419458 -192.701641 5.274356 291.088767 -7.313167 12.074226 109.600684 123.013545 -83.888504 -2.762690
19 -282.725271 -187.888300 -197.039853 -135.016991 123.564481 -92.732221 166.754962 -78.546215 -114.393560 324.337957 -60.316007 -202.660137 208.900450 73.354906 242.032726 -294.849570 -96.988917 -403.369451 379.572151 63.069973 188.961092 329.695910 180.417945 43.283538 -177.419662
17 -267.240413 -150.664551 -14.256520 -334.207730 149.883787 55.514932 66.629414 244.021355 173.951715 -29.968119 -72.269648 99.888597 164.913276 -4.128400 -124.750621 -19.057013 324.246059 -29.644517 -176.090319 164.192779 252.916249 -89.166703 -303.182272 16.150020 -97.681499
3 7.082841 -244.181621 226.839249 67.327034 -127.286436 114.987898 45.036507 221.052902 -36.572065 -85.699145 16.214045 6.996120 220.940101 115.394795 70.558687 -49.810924 -187.849037 -195.047140 42.770434 -0.186801 -343.111733 95.998611 103.758225 -126.434637 41.221945
