12 15.259496 -15.559015 -61.157253 29.327952 1.432890 27.812784 0.989166 10.314535 -7.977477 -4.992670 -9.015530 52.684233 31.610329 14.915765 -69.045983 -43.904340 -5.880202 -3.735977 42.430417 -31.373971 -19.389380 -0.098844 16.932673 17.366301 11.101786
8 78.188204 -46.521533 -9.210967 46.542468 26.555503 -5.526658 -54.739540 79.974601 -58.115080 6.462703 17.955494 11.017598 17.158549 -21.554386 46.679279 -108.382147 -66.309689 37.538219 -25.888471 -26.096521 -23.956361 15.780868 32.301303 3.130380 27.067969
12 13.790023 -9.260286 -56.864440 39.509170 18.945488 4.646622 -14.767036 22.811765 5.164870 2.842853 -18.169859 52.276787 -2.369072 -14.998656 -0.969872 -30.073168 -39.913419 18.753101 28.654182 -10.117227 -12.715019 1.725927 27.888197 -33.148075 6.408091
5 -13.229936 -1.003757 -61.325356 16.450072 48.402419 -15.350688 -29.991695 -39.214091 -14.604401 -6.179749 -17.615932 47.909958 -5.057768 -4.022598 39.572715 -4.091311 -29.882213 27.197516 10.294490 14.994699 -40.546149 26.926431 17.320782 20.093723 12.996668
17 0.619510 22.210925 -93.189351 18.379077 20.806756 2.958834 -16.187264 6.481773 -2.504496 13.206004 -43.601252 29.201855 -47.877931 -16.463471 -9.918971 0.134845 49.239983 16.792580 16.088389 2.596385 -15.402048 2.783967 3.959134 10.603862 29.131718
24 15.530728 24.065590 -127.304998 6.867844 24.238904 -4.065412 -8.393899 -5.260050 -47.799704 -5.128636 -50.033977 18.643260 -3.238665 6.307266 -7.091415 -0.142356 38.644675 12.127248 46.066799 10.769694 -43.306298 4.464687 16.382187 59.718271 17.993514
1 75.086041 -36.649329 49.395812 40.055666 12.827352 29.714568 -34.327374 41.976950 -1.630577 31.428521 8.169724 18.984702 61.351839 -62.549352 -71.553225 -91.200818 -96.770462 34.073541 -10.556294 -18.699884 -31.211593 -40.798799 53.357040 26.193307 13.391490
4 26.030464 -49.723753 -16.672795 45.429580 35.941522 6.431855 -43.268439 45.194288 21.545208 -2.742471 10.493949 42.369423 22.781871 -14.066927 -19.686320 -124.763009 -78.447116 35.838176 -16.666466 -2.252962 -15.829155 -6.373723 40.277805 27.347842 30.866758
12 -24.806173 -51.669208 -72.959486 18.860865 28.857273 -41.342058 -40.045538 13.465129 -2.928969 -15.565351 -3.458414 38.677908 -8.714241 30.189791 36.789500 1.366731 -4.872793 16.184917 26.638361 10.115748 -44.066179 21.817673 14.731541 28.909510 23.867712
1 65.820106 -21.957095 59.531616 49.608423 30.730780 35.680541 -43.179047 37.248868 8.084585 23.474482 25.750928 25.828683 44.566261 -49.873290 -52.634724 -136.044334 -122.250576 36.847624 -1.226996 -20.558643 -45.644210 -25.806599 44.074194 22.009887 9.976676
17 -4.359546 13.460641 -106.332005 5.912041 13.102277 -0.787202 -4.138913 -12.789403 2.633781 3.873442 -35.713527 19.898157 -35.799459 4.218383 18.857124 16.833431 39.225502 7.829008 37.888603 2.514881 -21.657215 17.088565 -4.944775 12.086621 11.142785
17 3.180886 18.462698 -124.396869 -12.947593 20.022422 -2.274148 -0.766420 -7.152622 1.322512 14.714866 -62.362682 11.167597 -34.271354 0.093053 18.572096 24.292788 51.866738 14.982108 30.485303 6.572610 -21.823752 20.073340 -4.961015 21.527501 13.660994
10 -2.356209 29.911721 -4.071507 22.102244 19.193787 -15.709403 -5.578120 -21.667000 -5.768784 48.728256 -17.988661 44.592737 -3.763643 -41.054908 3.749145 -8.339963 -70.645580 48.154423 -4.378944 -18.060722 -40.919106 -1.313329 -3.191354 0.711927 47.706787
15 -41.735608 22.914067 -140.169433 8.776780 14.862552 1.335835 -17.629738 -43.993585 -14.581332 21.095259 -21.244809 37.770372 -23.292838 -9.229902 48.216663 46.565854 -34.518845 27.865238 25.723132 -13.762367 -13.827781 37.527563 10.989658 27.838282 42.559011
17 48.183829 13.580243 -60.726198 -1.657105 33.349638 -14.637101 -51.122878 -4.547920 28.591698 8.086565 -72.784922 32.922742 -75.047791 9.573666 -11.520822 -16.830003 61.714712 33.340684 23.715781 -37.175481 5.379771 -3.546179 36.363099 -14.883754 29.731900
19 8.311774 30.973065 -132.032347 20.776543 -2.395325 -3.189450 -7.867199 -23.062298 -22.229061 -13.064123 -18.999471 14.047196 5.212936 -27.867940 19.810725 27.750245 13.382269 28.204306 50.453949 0.650984 -36.979094 -0.948287 20.429861 27.737282 20.949281
23 17.764964 17.888275 -70.262276 15.206058 12.350968 8.650293 -18.888858 -14.376462 6.962885 8.240486 -31.505161 24.776933 4.479786 -28.255939 -2.142277 -38.792553 9.504322 17.757731 12.455856 21.113779 -20.672045 10.122394 28.380211 -9.854512 19.136180
15 -37.133035 -43.785598 -101.744093 19.536508 24.159356 16.714108 -24.021033 24.813011 5.814909 -1.870907 -2.138615 33.003291 -1.419488 18.093132 36.597362 -26.085911 -5.690787 23.946635 11.443008 -5.536565 -12.712758 17.159882 13.030959 1.229761 16.641445
23 -38.715963 2.767038 -26.919999 48.120049 33.098248 22.059986 -28.858597 -18.867708 -78.888978 -35.440792 17.015557 -0.438747 -5.836733 -2.225435 7.901717 -30.612617 -24.302110 14.113852 53.380565 18.561032 -12.060714 -9.132606 56.240320 13.870540 25.214165
23 -13.178331 39.909327 -45.100448 44.009297 57.349962 -11.329544 -43.303725 -97.049365 -22.799805 27.720762 -52.940967 2.702704 -13.541766 3.927864 20.159146 1.020600 -58.481384 59.222595 16.745116 39.908632 -55.802048 -16.485149 67.018822 14.038727 36.334264
3 4.414389 80.760225 252.838710 106.635602 63.752919 -14.794018 -73.524801 -57.551419 -13.299082 14.758424 80.900038 17.453766 23.719071 -123.229520 -73.090784 -127.059253 -169.467266 23.673737 24.470581 -113.962037 -27.078236 -35.426006 63.010850 -32.072492 104.208909
25 23.826869 -28.922887 -29.424397 17.553218 26.632428 16.089325 -3.765284 25.097534 -13.193282 -0.591701 -7.202075 26.865041 41.770799 15.385884 -40.766190 -71.866288 -94.898959 34.064762 9.316911 -9.899170 -10.248328 -8.199875 15.945658 23.500360 42.975263
12 -16.430722 -44.247998 102.565824 69.587506 55.686887 -21.081855 -31.575165 18.933787 -12.690880 20.647591 24.774607 123.868099 -75.172908 -8.195825 -4.649606 -79.666900 -162.078811 5.549709 -13.079674 -24.288158 -83.705729 36.702572 69.483669 -1.281588 50.384130
12 11.884462 9.867328 -127.784617 19.230168 51.363205 4.338900 -36.029343 38.381287 38.793415 3.521990 -57.529378 68.365527 -32.444955 -31.282133 -21.446158 -60.282416 65.540461 13.911513 18.018606 -21.105247 -10.813603 21.273180 42.265160 -17.611387 9.637179
3 -48.718900 -13.349833 82.016774 66.318593 43.842488 6.457598 -39.749913 -35.379284 32.318769 43.929983 56.601355 45.269452 48.856508 -8.943495 -91.267060 -134.041557 -180.990068 51.653589 -22.166484 21.572265 7.890640 -15.153888 63.642378 -8.414152 27.844398
13 -44.751421 5.534540 47.255661 109.988738 34.535718 -28.248966 -4.296629 26.453661 32.553686 -38.481285 16.144570 22.759783 144.289870 -54.133240 -22.303081 -76.083114 -288.251901 77.610177 -52.605036 52.145388 -34.256749 27.631989 38.906418 -64.414739 72.065503
11 -2.889388 -54.027392 0.029056 39.629003 14.789171 2.613756 -39.985742 10.457266 5.962889 11.849252 62.348402 56.167692 34.528457 -6.485209 -38.104236 -135.495047 -63.539999 26.083211 3.272494 4.896928 -2.209164 -31.121353 48.712338 27.534781 25.024899
5 -59.318498 -12.098148 -28.323947 11.185713 49.261296 5.241963 -0.376811 -8.989645 -1.078306 36.593198 -45.581105 7.951436 -40.644922 0.933676 -6.336919 29.170472 -27.972817 19.356980 4.829180 -5.900497 -10.224743 28.325332 15.863562 -4.478867 42.649551
13 76.371363 -53.397566 -23.380227 49.994705 -1.890145 -72.975572 4.784571 34.932713 -13.437339 24.245395 40.028694 0.390846 94.936145 -57.104759 -12.430707 -29.597875 -78.867515 41.802867 -17.104227 0.162579 -40.546751 -24.348873 24.194537 -3.794227 37.080915
11 9.269967 -66.192446 11.990837 71.161158 10.925014 -22.643223 -65.377890 16.544479 -10.146810 2.938714 112.702844 54.630829 61.910963 -39.063344 -23.627464 -187.978228 -53.490513 15.010954 7.288871 -24.859938 7.020163 16.317337 59.442886 13.051115 23.219953
13 -6.639171 5.666317 41.878513 80.993746 -18.100071 -43.336527 -62.652749 -14.724436 78.704809 18.319331 93.848731 27.146428 138.841628 -65.234683 -64.141752 -134.845204 -99.542679 36.332521 -43.061701 -77.333292 -34.545530 -0.953590 76.000157 25.368938 42.060554
23 4.263450 -16.220776 -53.100368 39.372194 16.845260 5.917580 -30.360264 4.631688 16.365953 10.890956 -25.946237 33.960453 -12.406529 -32.828142 17.595370 -49.061488 -38.263232 21.378150 12.291522 -2.356826 -18.557393 -0.806321 41.335201 30.610967 24.511322
4 -24.757771 23.343786 -103.588861 44.429392 29.895258 -5.432374 -40.460313 -30.123124 -13.748620 5.808329 -8.569798 2.618979 -10.119304 13.515707 -23.288644 1.826371 15.466591 43.326936 12.286427 13.601832 -13.856835 38.380701 18.496027 6.506757 4.492496
17 -0.042900 35.110897 -153.656045 -16.480313 22.484685 20.254720 -3.989136 6.460004 16.993317 9.482274 -103.498582 26.395240 -46.091291 -10.108992 -3.261301 -0.254364 103.848472 14.684086 38.945644 12.251909 -24.690808 29.961798 -6.206445 26.360101 5.102555
13 -10.414774 20.555605 26.938264 44.020463 35.003741 -16.725232 -29.700923 7.466980 -12.168196 15.140590 16.996364 31.506937 59.092901 -102.544719 -1.839723 -80.714829 -43.732682 31.443289 -13.439414 -54.396292 -15.975003 5.484035 54.056603 -12.508425 46.499926
13 4.920042 -37.784762 15.521719 38.496795 -10.619635 -44.336449 1.462883 23.780801 -27.801512 8.365598 37.735917 -2.010628 97.398251 -48.465149 -5.828985 -9.764421 -123.363436 55.938453 3.032377 -21.325378 -35.224451 -49.626883 26.560776 69.239178 33.753678
12 -20.823623 5.941934 -49.589976 12.697959 30.603198 -12.475412 -26.897716 -8.390687 22.176207 14.052696 -38.311862 32.791839 -14.144099 -23.247788 -7.724604 -3.311065 -21.533774 9.018434 24.454025 -6.298717 -19.608093 26.114292 28.719196 16.449629 29.388962
4 -16.918837 16.255450 -22.237350 37.920933 35.972978 26.979118 -36.463750 26.020985 28.526437 4.428270 -36.055612 1.805323 30.036559 -35.905665 -45.015034 -61.068794 -33.750162 24.768459 -9.232140 -16.027764 -3.578623 19.267072 23.893608 13.586773 26.846125
15 11.154861 1.956058 -83.109336 13.443170 21.638812 -40.717304 4.485250 6.006605 -8.821058 4.515112 -43.480283 19.361813 -17.925937 5.494573 40.380918 10.093328 -3.838615 36.384614 9.515127 8.930254 -35.239202 -2.173849 15.823573 -3.263521 29.425880
17 -29.894485 12.116406 -109.337640 7.388987 19.223379 0.946912 -26.259290 -11.356202 19.228747 -9.636001 -27.884105 25.729604 -20.070409 -26.269263 -26.025073 -12.703773 80.933921 18.606052 12.503827 2.914828 -1.053677 0.947080 19.835695 54.767851 25.401603
5 -25.754478 47.122064 -14.142632 51.349235 75.616308 -2.721951 -21.321346 -50.284794 -9.213883 7.591417 -29.799156 44.961066 -39.722549 -20.933097 -5.246031 -45.886414 -115.876569 66.747095 14.806602 -54.329939 -14.049342 25.960161 20.537070 59.413878 35.235093
17 -14.552181 5.467836 -15.855323 20.434175 8.464661 22.560486 -39.478500 10.840303 -10.974855 -27.319292 1.007406 29.419923 -6.029583 7.027526 -14.632253 -110.299729 71.826249 6.862942 9.435371 14.719090 13.707236 -6.042849 36.702753 -18.226627 4.980386
23 2.216054 -9.055535 23.131065 38.786857 35.897646 44.537121 -43.176128 40.151362 -4.932595 27.570152 -44.211865 26.976033 42.650103 -52.364877 -18.182587 -114.463656 -91.613819 26.952268 1.857522 -34.084433 -20.525868 32.738348 51.746206 21.721842 15.734298
2 8.360565 33.498887 -89.940399 9.147419 24.608839 -0.332509 -3.811740 -25.443183 -15.335151 9.148540 -52.162297 8.759645 -12.794759 -7.159748 10.933153 3.698854 6.602672 15.035093 18.066755 -0.782145 -17.091409 21.290383 17.701927 11.722354 26.315563
12 -11.907707 16.774147 -93.177755 19.454036 31.590958 1.163213 -9.163260 -0.573033 11.067196 0.966744 -39.847326 39.708042 -24.954126 1.365884 -13.851154 -6.999781 -9.314933 16.445503 27.401963 9.782857 -22.424997 23.999939 8.114583 -1.742372 26.173134
6 -9.177346 -9.006956 4.072497 37.984997 23.618820 63.551979 -39.041534 21.068441 19.309994 29.239175 -15.944750 31.384081 57.121701 -51.027072 -67.225250 -70.308884 -102.812015 23.169758 -3.853376 -28.833429 13.055922 -2.029335 53.087286 6.848473 15.804549
23 -1.199966 -21.129159 52.973826 53.510885 26.275854 -0.545507 -62.848435 24.720688 10.638630 9.326609 39.944181 56.833122 53.551039 -36.092687 -7.432391 -170.334244 -151.275366 25.350048 -28.287966 19.741952 -20.342976 -6.616215 87.060994 10.663133 35.568744
25 12.458510 -22.872224 -85.515642 43.499361 12.724885 -25.171860 -7.561817 -12.776897 -19.237012 14.631548 5.942387 17.656383 42.815973 -30.391436 -8.922154 -37.236460 -52.183286 32.003023 11.520218 19.106328 -29.330816 -1.173684 12.430581 46.400133 61.232456
22 9.720336 32.042032 -106.935925 5.760826 31.693227 29.908727 -13.592034 9.247267 13.574879 -1.945562 -68.291521 25.327725 -18.870185 -38.381904 -7.121363 -18.732088 8.251693 28.790762 17.780429 6.503067 -20.597221 32.244483 17.506082 9.894598 16.279728
24 14.625422 27.660021 41.753517 59.251397 10.851711 12.344152 -31.174597 34.918363 28.686613 2.816040 -22.109721 -29.869332 14.363847 -45.448874 -79.356651 -91.139065 -144.527551 63.785373 21.935205 -85.408880 -18.591844 15.390189 38.056205 102.366294 58.882105
15 30.648435 6.727535 -38.308290 27.024716 23.615085 -15.665570 -10.224983 -8.640211 -8.869996 25.221494 -20.063620 11.898834 -0.298025 -20.930144 34.130826 -53.349340 -14.782445 31.762389 16.419214 -0.510952 -29.582962 -0.383054 -6.690398 -8.918001 29.809861
24 -26.179533 47.584876 -65.667807 10.174418 7.050264 46.657088 -22.525655 -17.820113 28.268058 30.952152 -57.690128 -10.289351 -54.838725 -32.706732 -4.257048 -18.399391 -27.753812 36.378643 44.165349 -69.370132 18.336831 5.326417 30.142905 78.313365 24.207509
24 5.490226 -15.032746 -53.445083 44.856756 -12.876410 38.380853 -21.518718 -2.177386 10.234137 1.108161 -13.524773 35.901397 36.561507 -23.293247 -30.128457 -71.652022 -16.543922 28.319040 4.157856 -7.019105 -2.012749 -54.579521 40.040676 53.695420 25.118692
4 -21.245694 4.634868 -32.622218 80.516837 62.198267 6.922603 -42.076331 7.783842 40.216411 1.291351 28.326262 58.864231 -22.366140 28.354996 1.118776 -109.554097 -111.008986 11.612468 7.237588 -43.785689 -36.080769 30.421775 59.511412 -34.016469 23.796106
23 13.276680 -28.271968 -42.487588 35.516677 1.398534 -15.737466 -30.944040 10.129990 15.060818 9.719085 34.051937 22.043101 33.430087 -30.588401 -0.667857 -46.655834 -20.774090 23.182704 6.321656 4.086236 -28.772582 -47.317541 46.332923 27.127205 10.592277
5 24.546382 25.959886 -43.383866 44.625374 70.263622 -7.099215 -18.769418 32.451080 45.302415 -7.778882 -79.644612 23.276283 29.061293 -13.846877 -48.237664 -98.285529 -109.593785 40.496862 8.145642 18.347148 -28.900374 27.763008 58.272180 -9.910038 16.996183
19 9.359776 -8.909645 -117.471043 -5.173725 45.449781 -27.900580 -6.375174 -0.971426 -1.509538 25.645167 -69.690450 21.009070 -19.428752 -14.565299 31.225277 -6.603754 23.919177 21.411255 45.865053 -2.596479 -29.999556 10.395572 0.758117 38.736862 37.472109
4 -31.662855 13.744734 52.353016 76.605230 47.815343 36.789384 -38.767108 21.826686 16.963558 11.687227 -65.016946 37.652102 -15.012418 36.103415 11.025303 -103.556775 -172.497497 43.470489 -1.101428 -13.305481 -32.178695 2.677924 53.177889 -21.066692 32.330463
13 15.008155 -39.295501 88.128559 94.936267 -19.806470 -48.409839 -22.771446 48.111405 43.892432 3.238985 98.712362 -1.035745 146.619186 -106.321431 -24.230505 -123.302030 -201.665329 73.054367 -35.334898 61.118255 -48.189342 8.830747 27.481970 -112.128212 73.402331
25 26.667928 11.180344 -16.071037 9.652799 5.005080 6.968930 -21.097959 -5.414222 16.779331 13.872282 -9.723447 17.155517 13.528110 -59.014712 -32.311307 -35.467175 -17.956240 24.165363 13.281402 2.199757 -20.264058 5.742294 17.373884 5.005392 28.787308
5 -29.957495 -7.707848 -76.081314 42.551839 49.615863 -16.715827 -26.926643 5.105029 2.267173 -7.629974 2.556722 15.825909 7.283881 -28.771680 -1.466585 -30.597646 24.208376 33.988015 15.946620 8.477084 -19.749804 11.312088 31.498168 -16.842740 11.861328
19 -6.546677 9.221256 -70.503751 5.450271 7.323405 -1.497140 -16.365921 0.347776 -2.010898 4.327608 -1.935990 19.216487 -14.910056 -32.139383 12.183659 8.638402 10.279314 16.483183 25.419653 9.049870 -20.074922 6.856985 10.378951 11.201711 9.645611
24 10.337415 4.624805 -114.693975 11.738855 17.080714 -5.173338 8.653102 -4.970039 10.605944 18.844880 -65.032604 19.127092 5.203558 -28.677933 14.893857 -22.529446 -16.943158 17.782938 32.243039 5.768617 -34.580911 24.096610 14.801295 45.763077 31.088214
23 30.242435 -5.540899 -110.718406 44.181025 26.948128 -35.390174 -8.450505 -10.054947 -12.368992 -6.936682 -54.470469 11.703253 -11.448930 13.382378 1.180545 -64.462958 21.698816 32.005144 2.330078 39.231452 -46.912090 19.195181 56.594210 19.175457 48.937651
12 -14.151796 3.135858 -74.692384 5.296426 4.542773 -12.550343 13.759747 -17.173585 7.564623 31.997707 -28.854451 36.674041 -38.066467 -4.170711 5.948157 2.726622 -17.380096 11.685130 36.097265 11.447790 -36.395166 22.386014 14.938699 13.376151 21.901538
12 -13.663959 19.482038 -123.624244 4.940283 9.639833 17.686882 -18.325332 11.369135 25.230158 7.335506 -36.343572 39.894507 -21.925787 -3.161621 10.352929 -15.687061 19.481440 13.302685 16.451939 5.793362 -11.239955 14.732849 15.518770 -3.294742 16.103113
12 -3.745602 -1.817705 -36.387008 15.766228 33.278304 -15.168046 -29.357297 18.160602 -21.280194 8.654172 0.547315 46.859196 -68.297837 -4.697540 27.128138 -4.025995 13.989726 6.598483 -15.034454 -7.154834 -32.160663 17.734808 29.357249 0.084803 20.999367
15 -46.830263 -6.388723 -65.475450 10.337300 23.595408 13.286073 -16.051922 -25.170381 9.460394 2.871584 -16.448236 32.187986 -37.328737 24.639968 51.733865 22.101528 -48.537551 11.003463 10.722117 12.123908 -22.002813 32.433004 8.867729 4.223747 14.686294
19 -5.988457 13.730780 -160.909958 -5.532186 32.460048 15.330581 -7.162420 4.080525 19.643775 3.791193 -76.351612 44.533180 -33.741070 -13.537081 46.501396 -7.193503 23.404842 12.729194 51.884300 27.489237 -32.901282 30.859398 5.516850 7.482657 3.940771
5 -22.681783 22.846926 -78.728736 22.589593 41.279263 -20.647247 0.842346 -17.604208 3.874563 7.197884 -45.798973 22.313692 -33.002711 27.372459 19.323187 -15.882351 -49.713338 22.718166 32.790241 20.707941 -43.572750 23.760200 20.119773 15.206313 24.737514
12 -8.569386 16.522619 -112.146847 -7.014697 28.920027 -4.429249 -3.044088 -1.413766 16.146105 8.527150 -61.970752 30.071333 -23.545343 -0.645556 8.501063 12.566989 27.563495 19.805606 21.831037 11.618166 -19.178277 11.262137 -4.408426 17.136005 15.938311
20 -1.480340 -40.671829 -64.552286 48.639504 21.189635 -63.126185 3.430981 -10.006343 38.417097 12.948429 7.157967 29.910097 9.811433 13.772446 25.437487 -75.791043 -98.805321 40.518708 18.186016 71.433763 -78.473103 9.139043 46.335927 -13.841751 50.471135
4 8.800398 4.020488 16.984234 49.651451 29.777424 -28.648585 -2.897207 42.994097 -51.718899 -3.332427 -7.164483 27.222677 7.956499 -105.037853 -12.348649 -36.991886 2.576695 44.339001 16.408373 -25.812600 -12.397581 -8.826473 39.609302 -15.606589 20.484031
12 -16.402030 1.766738 -31.683915 6.552184 34.158036 -14.472648 -15.149655 -6.405591 43.050371 14.000244 -21.786959 44.069150 -18.548222 14.716194 -2.215900 -20.197449 -30.450903 25.755109 -5.640080 -4.672346 -25.315770 3.991862 22.282175 -4.239094 6.876449
25 10.659140 6.757325 -13.473919 29.947001 28.229095 6.583870 -34.601859 38.906085 -12.657354 -64.499550 28.565859 14.013512 -27.152660 -7.623886 -46.945948 7.491178 -47.380451 31.166182 24.073592 2.502164 0.734052 -16.948469 36.465698 -36.239178 41.474047
24 9.422871 -16.894457 -34.790010 45.701974 45.281059 -27.663923 14.910932 5.065292 2.481634 14.143216 -82.393131 6.684185 21.352775 49.410286 -4.462406 -69.798483 -125.194353 13.454053 2.513449 -1.850783 -54.765398 50.757670 13.057730 63.102371 60.516010
17 -2.274112 24.811607 -139.897087 -3.599024 26.228379 -9.180868 -2.327115 -7.850951 11.246428 3.908841 -70.457575 29.222962 -36.793326 1.950005 18.095744 18.244710 34.758374 17.229375 31.063243 11.755593 -19.856001 23.204677 -1.465041 23.355294 18.674784
12 -0.285222 25.613006 46.550348 68.659388 35.882031 -0.895331 -32.669068 -18.108350 -51.866553 -38.359351 92.316718 94.351447 -105.575405 -37.059974 3.636100 47.441294 -234.158369 60.840176 -7.935139 -44.497470 -31.222254 21.886603 29.757806 23.850444 51.894353
22 10.751157 18.388739 -49.157922 30.464658 32.820180 -9.562908 -16.482028 -3.942520 -27.790826 31.495145 12.040596 22.362578 8.602091 2.381730 4.622093 -53.156931 -76.867026 28.262295 21.285315 5.976490 -36.746026 37.771461 12.960987 -25.565129 19.130667
23 -32.953352 33.470919 -86.473000 19.739992 22.456586 50.834829 -40.280730 40.732205 2.569634 -36.936702 37.147865 33.952078 -30.700523 -3.775576 -52.478999 10.801169 -18.978521 8.778330 28.348902 -11.965377 -36.193219 17.518192 54.272854 -0.247520 -9.581139
24 -10.952581 -21.247830 -41.866493 31.260340 12.505858 -24.257030 3.456841 6.238683 5.543164 9.706835 -12.908420 39.157759 -9.107699 9.480414 -30.656333 -59.437614 6.222377 10.692797 23.402742 7.809598 -37.504191 -13.100316 23.507693 68.538102 3.558934
23 -26.410920 -28.542606 39.548530 35.449610 20.267248 52.722839 -38.320609 4.224805 11.955330 1.404272 15.198594 57.436649 -0.416911 -6.695997 -78.057285 -99.789559 -52.418478 21.966502 -10.933042 -3.847516 13.745342 -40.548623 64.940451 27.386292 19.791495
23 -24.804079 -13.131342 1.800735 27.277572 38.996391 34.929832 -26.217305 12.804544 40.015231 19.283390 5.366432 69.772737 49.828065 -38.656944 -89.449593 -70.369740 -108.075824 21.868721 -14.131265 17.809785 -10.548710 -10.402808 75.525345 -23.949230 14.517028
11 -14.949090 -0.077428 1.916804 24.359519 11.655106 -14.709891 -32.262044 6.171757 -11.437708 1.239959 43.271547 41.027879 -34.605743 -8.781706 -11.019593 -37.483266 -52.230982 15.979570 -10.476381 29.701647 0.903454 -24.946850 38.310323 16.598850 21.875862
5 15.204451 20.117934 -8.786125 18.553921 74.173753 12.532406 -43.337990 11.371025 -14.384402 -12.833030 -56.383506 51.735508 -45.593388 29.722953 -4.269719 -80.014084 -47.814591 15.763594 5.105295 -3.179214 -53.083344 31.407895 25.743431 55.670761 2.631694
17 3.083328 -5.608384 0.950341 32.392574 17.941111 14.943396 -65.246655 72.403996 -21.786689 -38.727998 19.206997 9.018022 -32.264294 -15.306523 -77.905002 -49.782248 72.550991 30.753146 0.300190 -16.431091 5.224318 -29.533814 46.273844 15.949800 11.652266
23 27.082220 -63.253713 -3.710071 43.388012 15.408779 -9.595420 -41.163949 25.737533 1.629567 16.060509 38.930308 45.413353 37.166486 -10.389858 -14.288046 -145.020390 -8.061089 20.064464 -2.372329 -30.122426 -22.619333 -16.665088 46.004863 24.208106 26.219166
12 -13.790319 8.793336 -41.242623 7.047577 22.688385 -6.155638 -9.869948 -3.631587 -2.767170 16.202608 -40.124813 31.467830 -32.898660 -10.420457 22.146616 -22.069505 -9.902503 30.571912 11.674824 -14.630614 -28.508979 17.110498 20.902591 28.048673 19.398785
10 -27.422395 46.421674 32.282859 41.278330 15.398145 -11.748317 5.347423 -9.347055 35.482913 79.764554 -41.846682 38.844984 21.247485 28.703154 -22.655978 -122.518336 -23.945899 24.988962 -37.122679 -87.690291 -26.878426 -34.577994 30.659979 21.945791 23.428629
4 -51.779211 51.213928 60.976391 98.651100 34.675472 -24.185110 1.076066 -40.518167 44.589156 37.923639 30.004944 38.049777 32.255617 -44.968259 -7.882717 -54.603152 -244.994616 43.436141 -8.320413 -53.780435 -37.463073 -29.677029 49.755854 0.633233 74.978589
4 24.713544 22.712976 37.595829 64.098824 40.943113 38.419421 -25.683530 51.550620 -28.841208 45.283586 16.284845 41.634965 14.725134 -37.119789 -23.591985 -95.081324 -214.596821 45.220099 -10.231712 -32.085814 -37.579253 7.584699 42.070707 -44.178142 56.197491
12 19.195045 -19.009474 -41.547103 34.291778 1.423021 -23.015208 -20.911730 14.690832 0.699770 32.510338 3.463619 36.472406 4.794005 -16.920520 22.803072 -85.645039 -1.921944 32.692697 26.690860 8.469478 -13.801260 -26.071526 14.397030 -31.019283 27.315564
5 -7.041781 26.030822 -109.549930 2.788477 30.919118 18.953169 -18.968796 10.144923 -3.374538 -14.328553 -51.750418 8.381670 -56.648957 0.725424 6.802989 -1.705005 30.669892 25.457233 26.439731 7.867086 -7.098835 25.614948 12.487755 19.497496 17.738615
22 -13.992090 10.292909 -73.157770 7.309418 16.943028 22.758319 4.763009 -2.155829 -2.433680 -13.883295 -38.673635 12.119505 -13.648909 3.353917 18.220610 29.674535 -30.312476 21.820744 19.341746 7.647548 -24.069478 34.069128 -5.386604 5.171081 4.265837
3 -1.574957 -24.866693 74.214596 44.500345 35.260573 46.895674 -20.015104 5.814803 3.369775 15.827262 23.836177 -2.884926 38.556964 -26.734649 -21.699096 -62.329964 -56.919706 36.499804 -9.031249 -40.774734 -29.792707 -24.648910 -9.051403 1.766350 3.825260
23 -52.905048 -40.310667 -8.854216 56.168921 22.804759 -29.894970 -49.947161 16.663235 36.943555 -25.262603 59.772478 49.410216 62.748582 0.371391 -1.162068 -115.942536 -53.606741 12.732507 -19.263494 49.230781 -4.143725 -29.651982 71.335903 -15.584127 8.389941
23 71.498356 14.583596 31.640856 72.702306 22.309002 8.243980 -34.367537 -2.901304 -15.796093 1.698389 12.690064 27.726027 -22.439741 -44.597756 -124.094442 -95.423499 -21.584084 29.733978 -17.359413 -9.336690 -36.074619 0.440327 82.923668 -1.546077 49.385602
10 -35.472103 14.895278 -24.928210 19.090721 23.633457 37.222080 6.451428 -43.979356 23.552006 55.741406 -7.023233 42.749585 -37.854566 -19.480047 10.000547 3.578562 -70.532835 11.758523 22.266701 -50.526343 -18.576984 0.425917 15.875000 -4.239729 25.418526
4 -37.905831 -6.544665 41.475138 68.353458 25.470674 22.199516 -32.655799 6.672007 -0.072996 32.441098 13.388189 19.965851 35.686625 -46.504903 -59.596728 -134.197225 -78.202063 43.103109 -7.058058 0.787818 12.085059 15.556798 25.175774 0.174835 40.250985
20 -52.238009 -1.793263 -65.376648 25.744384 15.012840 4.765504 -5.359864 -32.293705 -1.873921 -13.525929 1.680862 3.924025 -12.347333 5.595819 18.452014 4.335205 -46.939753 22.835457 20.716912 30.843189 9.778208 10.123767 4.154191 27.163147 26.664448
3 37.509891 -71.761799 98.620841 74.439031 34.898112 75.828379 -45.095127 42.229873 -7.098131 -14.804802 32.901933 48.324362 75.417040 -71.592070 -55.721328 -96.496468 -181.615712 15.167311 -27.172062 -7.696599 1.311675 -23.554279 60.302620 -5.604119 11.317472
23 -16.535034 -45.054801 46.192317 66.453678 28.451326 -17.321740 -40.741649 25.779408 -31.608615 33.926665 25.299835 53.768513 34.323361 -29.143615 -4.460381 -123.818495 -102.283644 31.263483 -13.053718 -9.491060 -18.230244 3.295120 69.644930 -0.339436 33.730176
11 -47.394832 -27.667048 59.619835 100.834348 48.632719 -16.717013 -58.295726 -54.182243 36.620998 18.604979 141.716738 83.813430 18.326786 -45.469165 -80.883807 -33.753808 -183.397746 52.113351 -5.665580 -31.995470 -41.824250 -3.473502 34.033369 -56.458698 92.914516
23 -35.219958 20.438431 -34.380257 20.591455 17.235468 1.186641 -51.965242 -7.741268 -15.184053 4.878923 6.006560 48.706624 -2.452859 -13.084186 18.805484 -36.506778 -31.167589 17.906468 -7.564253 -24.311613 -24.368628 35.718961 52.429374 16.927141 23.153545
3 -89.672546 -43.505220 115.835444 63.626512 46.413803 -30.219201 -85.771742 19.379738 4.860979 47.391064 65.361293 19.842568 1.791269 15.790895 4.571338 -60.473167 -113.562435 71.097008 -57.296106 6.969952 -32.192392 -13.200942 59.909181 -33.689517 16.782023
2 2.718450 34.753764 9.997635 14.789855 32.228054 14.997991 -17.822067 -19.471989 3.693240 -2.692183 4.018514 21.484977 -33.248151 26.289167 -20.768291 -45.596424 -91.587015 34.164819 -6.429732 24.364451 -7.563366 -12.235657 29.490965 -6.750505 11.215235
4 0.327894 5.571210 20.318829 59.424541 -12.824887 11.370251 -35.167686 26.361672 -21.213621 -3.185001 48.965150 34.567137 31.987517 -32.397283 -22.506568 -121.030121 -121.790276 27.154029 4.112139 8.742836 6.630878 13.238960 58.699639 -30.732026 43.418929
10 -5.664378 30.335647 5.235826 41.799698 24.312221 -8.964234 -31.878995 -1.823822 -18.566508 62.492741 27.908704 -3.635222 24.005901 -53.602294 -45.707080 -26.736391 -36.805735 30.908359 -15.373534 9.319455 -21.775115 -16.876721 31.559794 -23.170777 22.751464
18 0.699555 -7.356404 -67.096896 29.485376 7.732341 12.113190 -32.097173 -3.583235 -18.652729 -9.748940 -30.227132 40.675336 -37.965319 29.203803 4.697332 -12.298834 -21.576421 53.702206 27.087518 -20.386831 -19.152507 13.440706 23.321090 10.011103 28.021276
2 -8.461564 45.176957 -2.617027 44.389222 36.385677 36.367167 -38.368734 -1.737367 -32.634953 22.341552 -12.328402 28.645656 4.337455 3.869765 -75.259655 -97.886688 -105.441017 41.422551 30.033758 -13.078117 -5.256760 -10.818260 37.179941 33.913649 39.873226
25 11.651535 -0.488576 -95.541429 6.307905 4.767900 -3.022641 -12.083575 22.446765 3.236269 0.385510 -48.210028 29.071164 -3.454559 4.271662 22.862927 -36.612486 -61.438577 38.045626 0.452782 42.051603 -40.616773 14.424928 32.690255 25.148149 43.697648
15 -24.023143 6.295018 -72.632193 17.881701 21.527047 -25.754229 0.451172 1.645155 0.134447 18.332970 -28.186118 21.313782 -40.846915 22.939490 31.976872 29.882773 -41.536134 23.446867 11.870129 14.403549 -38.252979 2.216357 -0.062725 17.629058 29.394508
22 -7.538215 33.082682 -97.444441 2.884274 27.224001 -10.932560 -9.904879 -27.108865 -20.254522 20.768383 -62.186584 4.118142 -32.008688 -0.406653 32.603638 10.722408 13.535273 20.416746 31.835785 -7.216686 -33.928615 43.389115 5.856185 42.753623 19.782192
12 -3.781584 24.802980 -94.711157 3.327343 11.669123 15.174541 -13.316428 -19.765131 1.692511 22.683396 -57.052734 32.819590 -42.833889 -18.632106 24.837791 -38.335574 23.567001 24.306706 20.485680 24.146716 -15.898111 13.463455 25.078538 20.056305 16.270675
5 -3.445129 -39.314447 -82.232395 19.293989 52.117409 11.035977 9.715499 -26.981234 9.829466 40.214877 -42.731541 23.637362 -0.875076 22.486939 0.292812 -27.340797 -81.397793 23.394511 17.543890 2.378411 -16.109129 28.171599 29.651913 16.609336 14.106448
13 35.933008 35.024504 -33.461644 48.639544 14.234005 -11.084426 -27.760779 27.205438 -46.439534 12.826857 65.758762 20.339957 84.063643 -58.386018 -11.241263 -111.994880 -146.492349 32.955223 -3.216835 7.902980 -32.663260 28.545937 32.753317 0.407268 36.193654
5 12.985838 -28.467398 -78.625904 50.446811 60.133568 -34.332280 -20.692501 21.795167 32.228925 -16.592343 39.655891 46.439911 4.047966 46.885173 -39.591521 -51.299951 -42.520939 24.407262 -46.116315 31.149249 -52.336549 -44.681080 35.788011 -2.633763 51.979401
6 -72.070648 68.348722 29.089305 28.270440 5.204294 70.237061 -14.736858 -41.616344 13.287947 24.596305 -21.651528 29.637184 -61.345947 -23.601935 19.230323 -27.555664 -57.459261 24.289719 8.506846 -81.832594 22.212208 -28.668565 38.045789 20.915781 28.710718
5 19.030599 23.622211 -95.697122 37.217063 54.178340 -18.136219 -22.102137 4.212833 -20.448697 7.891997 -89.393690 22.507793 -28.550414 4.279100 -10.503427 -52.164654 18.115844 20.649777 5.396072 14.730928 -27.184448 23.251051 34.461635 24.303729 50.389679
5 3.082538 19.905237 -121.548124 -2.207165 33.753092 -12.583850 -10.261242 9.351770 15.119182 9.340446 -58.749885 29.312473 -10.163187 -11.232564 6.792511 -8.166791 24.535928 11.065159 22.153444 25.617484 -26.644231 -3.262177 22.815143 15.839803 16.190130
17 1.817589 23.426590 -120.899069 -6.334006 27.552434 12.891437 -12.719115 10.901773 20.253388 -0.273847 -67.582858 42.701807 -28.371848 -14.512542 6.432129 -12.342691 54.624396 12.650539 30.534065 8.100039 -26.051882 25.175943 1.073241 6.304638 4.698121
3 -31.031992 19.066235 47.701468 37.194006 24.057338 29.424911 -14.236117 4.721341 -5.582248 -7.839360 13.273491 29.494956 13.485466 -4.928281 -18.118787 -76.381005 -53.511038 37.249020 -25.606733 -15.815788 2.781865 -45.811648 16.850599 12.323344 11.280346
1 76.319395 -7.462842 -31.473092 52.692827 51.162719 14.057499 -8.884838 25.467486 -11.188494 40.883532 -102.398103 1.288989 10.534976 1.701858 -45.629285 -134.227271 -8.125822 24.332456 -29.843424 6.701247 -61.958092 38.705575 37.039930 20.868213 39.485656
4 49.030085 -5.658928 34.524485 79.506906 8.929790 -27.594076 -39.029277 57.580386 -49.660533 43.758056 64.131784 54.129266 12.266682 58.896938 18.470342 -155.588669 -105.066172 38.802564 -54.448549 -17.850528 -67.192040 -49.693281 69.792626 -54.741379 36.752945
10 -9.550211 54.219585 -91.146331 23.756841 23.331288 10.517231 -12.183440 -28.546377 1.814191 62.871846 -70.709860 9.943696 -11.502295 -36.684371 22.562640 -32.938929 -0.039476 17.572332 30.745955 -95.332893 -13.473991 29.755666 29.187322 43.051339 42.836404
13 31.247468 -26.105486 -8.130014 68.902608 27.906086 -20.451723 -26.901079 2.070958 28.505877 -21.574134 23.073972 -2.802171 101.059316 -54.713509 -37.067612 -55.995050 -83.195892 51.129100 8.598072 -5.647654 -52.116131 7.310186 -16.242726 25.372899 35.811305
12 3.422498 12.094487 -75.337672 8.810131 36.254834 2.705128 -21.282832 7.145242 24.220309 0.221740 -34.341120 49.597041 -16.571187 -8.746840 -8.424891 -34.505832 25.951187 18.242219 10.697440 4.506664 -24.983409 12.211782 22.127410 -24.189937 10.230416
6 -5.669948 12.624087 -19.723824 11.951688 8.058762 41.045597 -12.980203 25.232521 -5.165062 10.491186 -62.827388 24.507940 -9.500829 -21.685832 -46.893959 -67.293827 30.737138 11.011728 7.044273 -7.142899 -1.414885 2.085540 37.873903 23.386487 14.299165
24 22.084234 5.596286 -80.765144 27.415950 20.628231 5.206683 -14.122519 5.235008 11.493244 17.602692 -28.132038 -1.521132 24.543811 -59.752504 -42.559708 -9.256156 -72.458598 36.045576 17.406276 16.842732 -28.739603 11.105766 24.539625 54.480707 37.142531
23 28.414929 -4.405247 9.452847 55.908153 23.271231 33.682124 -16.986881 -29.804692 5.181506 -10.498362 69.323485 -19.209366 50.740112 -24.808347 -59.897863 -79.397781 -135.356939 62.825897 -22.731486 24.990878 -21.893941 -24.203868 72.574752 -4.881087 17.753782
25 24.504938 11.169794 6.781650 34.341764 47.780988 7.696017 -9.939343 -19.908704 -24.202986 15.867941 -36.793890 7.275165 -29.770751 -9.435521 -14.069721 -21.780173 -93.767036 20.293205 -8.731768 -4.056007 -22.136735 43.908577 23.187622 -0.194362 52.023604
5 -42.496241 -14.836306 -45.728049 38.719283 57.901080 14.143160 3.557414 -1.813039 -8.199593 12.971239 -54.463705 31.203468 -9.225330 33.035287 -9.128428 -23.901469 -63.990981 22.084822 17.283477 13.084394 -43.518248 15.675547 23.876442 14.777104 19.032763
23 -57.723986 -7.924968 7.442414 24.772138 2.854671 -21.309989 -13.140809 19.322009 1.438868 -45.915402 -21.621797 39.541643 35.350874 0.405380 21.433694 -58.000804 -2.521502 20.627901 -30.046804 -29.315876 15.923443 -1.417351 75.203266 15.461101 9.204638
18 14.047302 12.338233 -111.455478 -2.608155 18.853910 5.062108 4.514200 -6.772650 20.856753 8.826354 -51.737254 10.800082 -6.727466 -0.835122 10.084089 8.363429 -6.143555 26.686272 11.818889 22.167564 -42.096474 10.898953 1.116552 20.113349 21.877012
19 -10.508073 11.771409 -95.280337 4.463426 32.296410 8.216978 -9.200841 2.357162 -3.029588 -1.508451 -44.414113 27.974725 -25.818034 -6.521378 3.904152 6.440216 14.560427 13.448130 32.533429 0.950202 -35.852698 29.615801 9.058169 20.817539 13.766360
22 13.479733 6.618179 -106.454680 3.951113 23.700835 8.751751 -6.150415 -4.297844 19.054774 16.854255 -47.136489 40.171389 -4.061201 -7.668540 2.104041 -1.780732 -44.891844 29.719654 15.939155 -2.626014 -34.146716 42.902815 1.773120 17.334251 16.904120
25 17.396267 26.694261 -65.080569 10.644407 22.436593 0.482331 -10.644607 -21.993185 -14.699601 19.614958 -37.949909 6.586742 -26.818983 0.499560 12.410813 7.701811 -12.658241 21.970887 14.733590 1.409191 -18.541589 1.591900 2.716089 14.340924 27.198915
5 -18.541611 6.147366 -71.211776 12.103934 34.976529 1.626028 -19.084267 -3.315437 7.238901 -0.081995 -23.158732 25.136091 -7.741158 -0.781004 -24.114289 -12.615089 25.175468 23.750756 9.188195 13.229558 -15.733411 0.055174 3.997489 25.099905 8.699843
2 -10.992339 41.968453 -44.853504 21.566858 38.236849 12.718492 -49.781479 -6.456871 1.207202 25.117349 -8.271034 9.858580 -93.208735 -14.595947 -4.990459 0.500239 -2.297704 31.901317 23.354974 -16.216320 -22.665741 20.769541 15.307991 -3.654839 35.526138
11 -26.629998 16.724222 -40.265349 29.861246 -7.308769 23.709702 -16.543394 -41.244994 -26.896549 1.171188 54.753540 25.940183 -26.929011 -9.784432 16.087023 23.065474 -35.253718 12.697788 20.909120 -16.335664 -47.385957 44.225648 8.330865 -6.892536 24.033665
5 21.295849 36.217317 -1.615702 45.735644 50.208653 4.614168 -16.527345 8.861921 8.383595 -40.100052 -28.418833 -0.964891 -17.733423 22.982111 -9.506649 -23.214693 -87.146846 45.987666 0.495995 -9.856639 -45.915213 9.245471 -18.863174 10.944752 34.942510
19 0.448286 19.649612 -49.189476 2.552540 13.939004 16.672996 -10.336519 -5.565175 -0.926899 10.253603 -33.840716 1.489800 -12.574410 -6.537232 -12.441800 -19.324524 17.326425 13.269790 27.745898 -6.854283 -1.526621 8.997454 -1.105669 16.328094 11.576293
19 -19.927824 38.449605 -127.888691 -7.467346 42.256733 16.244875 -10.495014 -9.485030 -4.729668 8.155141 -65.773626 29.054631 -53.011932 15.407635 1.255354 41.342047 1.165547 20.221267 47.572849 2.900305 -39.281632 30.314146 -1.845649 29.463271 16.161832
22 8.648754 12.208329 -133.095312 10.534538 5.210803 -22.648433 -14.141180 10.625407 21.587760 3.381053 -46.276190 26.293324 -16.212349 5.324540 30.203282 10.001053 -16.572995 41.134566 5.501629 -23.327754 -38.397913 44.846976 21.640985 23.636188 29.951003
22 -27.459591 23.702845 -147.873560 11.565899 35.322548 -2.540918 -20.414142 1.997844 -13.836848 3.419164 -57.314536 30.947503 -19.371873 6.577413 32.458866 3.137066 18.252448 13.317038 42.869687 -1.226312 -30.247258 48.144364 20.152259 15.318355 13.157845
14 11.130489 -10.826095 -29.846824 33.174627 24.606351 4.583229 2.396098 -17.420894 -37.038735 38.921194 -16.584592 31.277495 -53.871182 49.936562 -11.780281 -7.587644 -30.624173 36.958730 -5.778072 -27.227087 -54.130941 17.176548 27.739732 -4.296233 29.158098
12 -3.592616 13.297043 -95.301517 10.064468 42.861473 8.232633 -11.301124 20.114684 -0.682616 21.686115 -69.488174 50.500162 -31.687711 0.049726 -9.922610 15.699485 -1.241473 12.568150 18.196103 5.905347 -48.002861 20.255876 -2.387428 16.972868 17.255165
19 -29.187160 25.219550 -65.712182 -6.583412 22.036845 13.081085 -1.555553 -30.888590 2.733998 18.909385 -34.131546 7.839814 -23.113848 5.800236 -0.255338 20.121045 8.016393 24.787507 52.136138 -14.416044 -21.512542 -2.594284 -15.594813 38.015538 6.891046
5 -14.162666 17.104957 -43.199913 14.118739 37.346808 11.957648 -9.385951 -33.034353 1.861989 19.131098 -34.282884 21.071860 -26.010292 20.988297 -3.035310 26.088409 -76.894721 28.712521 -5.309680 30.998598 -27.717403 14.004469 18.572692 5.557836 5.553013
12 -24.389638 17.090145 -84.333263 28.346177 20.743546 -38.210069 -33.925023 -21.687527 27.820755 20.086685 -15.894417 40.487588 37.192956 -51.933507 10.629588 -1.472732 -24.760966 28.642321 36.553740 20.257223 -22.431750 -14.632096 29.715427 -2.821829 18.988771
19 -9.656605 31.245543 -176.006125 -13.034870 26.664298 10.739871 -2.892377 -22.490269 18.917349 15.026569 -71.544073 34.376998 -48.534591 15.891322 18.473377 18.975416 30.292186 22.431968 52.263108 26.952218 -35.454706 13.692248 3.757857 35.938299 4.037155
12 -1.964966 23.142139 -153.089779 2.429117 10.921406 20.288224 3.912130 -20.594229 2.831116 19.202043 -62.222211 42.183963 -29.852611 7.950706 14.072509 -3.099638 1.440511 16.059643 27.792060 27.488232 -43.253046 32.294756 7.959694 26.444904 27.718068
16 -19.107997 14.069525 -137.311755 -5.071012 21.577061 5.645010 -1.406707 -12.925977 -1.598556 31.687235 -44.554512 16.216411 -41.565706 3.646218 25.371846 61.798227 3.702644 8.940183 36.571699 5.720931 -24.149148 17.071941 -5.136050 33.056077 7.804896
11 -7.071461 7.911799 -77.612361 34.314015 1.687608 11.692116 -41.305299 -45.277898 -5.271789 -10.075010 93.667319 47.033928 -19.333232 0.658938 -8.339127 27.231789 -35.439281 12.775745 32.352180 -13.456692 -23.216257 14.573446 37.733994 -53.496989 18.308680
16 -15.294876 4.800807 -123.194062 12.222944 19.539562 -7.868528 -0.399544 -4.989556 -3.249961 16.684646 -27.290310 14.748572 -39.889847 10.505073 26.518392 44.324743 -10.352843 23.579646 31.814474 14.790427 -35.379352 19.697052 4.211149 12.487834 12.030166
23 -17.415076 15.884842 -65.062641 31.059881 22.016506 -32.427785 -21.841272 -17.238107 9.332833 21.215938 -16.235474 40.414593 -31.575060 -16.692648 -4.736369 -43.727568 -23.414170 40.922771 -5.394038 25.940334 -8.520140 12.007590 55.173657 12.553767 17.813874
22 -17.387572 23.353967 -107.317696 19.235932 21.961842 16.625638 -13.079966 -1.933734 -3.109452 -2.700689 -47.015151 4.606343 -13.626529 19.530097 19.875076 5.662220 -17.651943 22.823929 -0.203079 12.601463 -16.352990 29.076457 7.072387 13.026183 24.965483
16 -17.761930 11.884817 -53.118316 9.380449 28.739487 -5.768787 -12.474527 3.335860 -5.004174 25.623108 -30.328291 12.780680 -42.573923 43.715934 6.826776 56.629464 -57.734350 14.239777 6.330505 7.825844 -41.887147 -11.861893 19.019057 16.076760 16.144927
12 -3.320989 -13.522408 -101.820809 1.273431 20.154355 -25.675208 3.388901 12.552516 1.456629 6.687629 3.481670 52.310698 -27.443120 27.962687 28.941705 34.164805 -24.918096 6.424040 9.944221 -7.979094 -42.032744 -0.212129 16.944945 5.651818 15.631863
19 -5.607861 16.226823 -123.367332 11.871514 15.881106 -17.334586 -2.012675 -8.901811 17.550476 13.505470 -54.983173 27.443577 -38.116978 -5.409376 24.805932 13.720221 15.037499 15.338394 34.796182 13.770888 -21.539405 18.834700 -0.829709 18.716898 20.652320
19 1.646869 12.587143 -107.684194 5.959223 17.779670 0.358179 4.391462 14.111830 -9.690017 4.274717 -56.740402 6.624738 -1.598972 -1.033506 5.658134 -0.916935 18.305335 15.216174 33.625950 24.609438 -29.554870 -9.490757 24.878085 7.702418 19.024416
2 -14.644036 42.350463 -129.661846 20.746712 41.650596 31.194637 -8.709940 -12.148515 -2.116095 6.746698 -54.265906 36.763436 -29.064241 3.277407 -24.262368 -12.899015 -32.880127 31.294867 36.658584 -5.863993 -6.171783 33.705041 14.569947 8.438785 25.347682
17 3.398811 29.958585 -130.849797 -6.061574 30.322957 -3.144557 -3.063384 -3.218206 4.538634 2.896993 -79.260309 9.568103 -35.164399 1.016752 4.435481 2.969291 66.544985 18.370283 33.998541 20.953599 -22.609365 16.736387 1.412669 28.706282 7.591650
24 1.741720 -1.066879 -142.661680 4.627907 14.137438 -15.434753 1.982516 -7.738154 20.732687 7.110141 -51.963711 28.434643 -10.321543 -13.561217 16.518169 9.930452 15.258559 29.053271 26.911949 19.243066 -30.237202 16.868153 -4.805399 47.064603 18.231133
17 -4.866475 16.855420 -114.112226 -10.347564 22.206350 8.055748 3.208304 -11.801848 2.484585 20.943498 -60.377976 13.592180 -33.318458 0.494534 19.380816 15.289318 38.416764 13.387792 35.850955 5.578475 -15.399360 18.435801 -11.120169 18.080349 9.123554
19 -15.697899 17.767817 -51.416653 10.730765 7.220710 12.080592 -17.009951 1.689945 -15.163030 18.507432 -16.199444 26.458148 -17.959409 -15.314219 -12.095805 -26.664569 -0.883797 14.191802 33.858423 -2.221874 -13.125343 3.163666 13.185028 24.874164 20.064769
2 -26.151396 41.985053 -52.446961 14.075734 16.495147 33.298414 -27.472618 2.642098 31.844368 33.820268 17.732468 0.083803 -25.832197 -35.212594 -37.912646 -34.123416 -37.459427 13.076039 12.224236 -40.082081 -14.008104 38.370657 19.473145 23.936026 31.695348
17 0.924630 15.525095 -67.011567 22.054977 18.795483 9.256453 -8.164109 13.265325 13.710273 -2.067944 -38.976460 18.879279 -2.887952 -30.224239 -31.612325 -30.493494 29.133866 19.372221 17.242117 -3.642627 -18.986562 10.479025 16.472418 14.209665 14.795211
17 19.900536 36.927259 -157.344529 -6.346362 36.519952 2.411439 -7.172550 14.375091 -8.694911 -17.407165 -84.691075 30.358262 -19.235898 5.142850 12.110128 -2.518955 44.479310 18.402483 41.423501 34.616324 -41.395363 20.330068 10.055652 4.144939 13.668805
15 -10.557112 14.595498 -118.110649 -6.849687 26.592456 1.736635 -6.076913 -14.948634 6.140064 14.301349 -62.219878 29.424598 -45.211814 17.329170 40.181266 2.004942 32.830161 17.441411 32.768844 6.438805 -38.457252 24.227023 7.229936 21.219905 8.018286
6 -36.940261 4.719951 35.718371 17.196458 7.529883 55.477790 -32.725478 -16.313584 -5.160342 44.354641 -48.473657 44.737577 8.786030 -11.933584 -41.407836 -63.785223 -5.932084 16.751971 -11.215465 -24.900423 11.043570 -16.521487 52.324643 7.447635 9.270197
4 -19.634568 -17.303699 18.535269 64.892727 64.621323 -40.807947 -64.437610 -27.632647 47.153849 6.323349 44.776779 46.717704 -25.989938 -20.952614 -25.445686 -87.750159 -49.847069 59.558286 -27.437228 17.083052 -5.340155 23.583942 21.462727 -44.255716 42.169865
6 -11.358137 30.028070 -68.551719 28.296853 31.516053 35.244927 -29.277420 4.712058 16.205449 6.683089 -31.876331 28.508405 13.916656 -41.772142 -42.325333 -41.806623 -15.148327 26.944514 0.817220 4.777487 -22.004196 9.395102 26.318667 15.434452 25.385101
15 21.368707 -44.114263 13.731082 33.390250 8.572982 44.575020 -37.962169 -2.238840 -41.742793 46.225947 -3.552776 42.176473 27.113934 -10.025288 72.050809 -60.450332 -58.531767 22.167671 -18.297768 -39.234441 -14.183331 -1.029268 14.827801 -20.494151 5.705035
5 -21.689209 1.783806 -103.747714 15.889034 50.742811 -3.793326 -19.594775 -5.780680 3.206911 23.509256 -23.465954 47.297758 -7.207430 26.037945 -27.815859 -40.424179 -22.952667 28.765951 23.662630 20.033290 -15.881547 -17.085343 36.313599 12.177699 20.073861
11 13.955215 6.663446 -30.551040 45.241551 7.134633 -22.834208 -20.408317 -13.495776 -12.690690 -20.598874 56.229051 6.637035 -29.595814 -27.954283 -0.830897 7.353603 -58.639740 18.344852 3.538481 12.536038 -33.248834 5.544551 54.007669 -17.094277 50.793773
12 29.845702 6.195722 -50.483508 64.363570 -27.512102 -29.894198 -16.014821 -13.265155 24.553840 -36.632010 25.897249 71.534711 20.129043 -23.597005 -22.927009 -28.706534 -101.593965 33.544801 44.582527 24.469736 -69.118755 15.589174 40.293149 6.943351 11.855996
23 1.430612 21.428697 -29.620573 2.288341 26.495776 -1.590498 -2.188279 -16.807497 15.669382 30.600554 -25.350942 15.603895 -15.986333 0.487585 -4.629667 -14.484955 -81.249500 9.625431 7.555838 -7.580372 -24.499843 33.902458 35.955463 -0.719720 23.700381
13 29.962511 -1.896343 -45.199534 47.500472 12.027662 6.154769 -24.300270 18.057396 40.637292 21.288772 17.369855 23.044719 107.009393 -79.077632 -130.173514 -75.362684 -144.279094 48.686278 -15.238488 -8.132603 18.015222 -19.480368 92.442989 22.264856 38.742488
19 6.016204 22.580376 -137.561601 2.332907 28.676986 24.636207 -6.970294 0.883207 26.357567 0.214647 -77.571340 30.645396 -6.287912 -15.139096 9.814426 -3.730391 6.238122 22.634951 32.196979 20.914159 -33.510631 11.205562 12.037823 15.139325 8.308052
19 6.898579 31.890709 -62.352644 24.255089 23.900361 22.480142 -9.974233 -10.976731 0.813017 -4.342960 -23.419610 19.026051 -14.449660 -10.114870 -30.704136 -52.994713 -29.339389 27.020312 77.811081 -20.820499 -45.903367 32.091332 21.474938 18.110446 9.675668
13 13.321630 -1.715511 -73.595720 24.214011 19.924676 -4.222002 -8.062573 4.559467 40.174817 13.636569 -22.410404 32.873666 44.433841 -48.419163 -31.859783 -52.595431 -57.733039 38.746928 -4.304495 -11.956880 -5.935028 5.538203 41.129499 26.044939 18.271728
2 -29.482363 58.609519 -78.012142 16.703223 10.963335 17.233755 -2.731549 -36.661916 6.049315 14.178454 -28.328203 17.825144 -18.458002 -30.944087 2.711739 -1.476298 4.050028 31.750530 29.665454 -35.339502 -2.394085 -6.378310 15.597119 27.946008 16.971777
10 -43.243872 36.180444 -51.046866 13.114596 43.277581 6.889524 -37.841656 -22.472457 -6.781977 61.883028 -39.118881 -5.834656 0.684970 -48.622810 54.659690 3.520072 0.874646 38.490845 1.628093 -52.933411 -3.366726 -11.793701 26.658487 12.274640 22.970288
4 -16.630853 23.737462 17.911080 61.661469 42.793811 45.587760 -40.863019 -14.818921 23.410615 -41.857623 26.176809 38.769093 -9.743443 21.027876 -66.177642 -101.363362 -109.405317 48.034953 58.988509 -4.382935 -6.432207 -41.460178 13.013650 -2.876066 34.950923
17 -16.646849 2.468439 -34.576776 17.026931 19.963362 11.917892 -11.951892 18.200084 22.683498 -10.515953 -44.317363 5.083826 -32.968740 -4.748672 -49.014130 -22.776600 49.961940 23.021917 34.967890 -2.951720 -15.849982 1.423551 15.874064 13.387932 10.388457
12 -21.744369 24.257449 -127.011222 -4.012313 29.315790 6.911961 -11.941230 -17.542576 14.617273 14.653336 -36.641291 34.736101 -59.827768 2.203165 18.729939 28.438085 20.932088 23.207314 24.460214 16.178426 -23.308657 21.913019 8.458610 7.916377 5.155504
5 18.637542 13.625939 -65.398727 18.042301 51.478564 -9.280025 -32.980366 23.265862 -31.229434 10.171868 -77.059128 9.823189 1.702583 -14.582147 11.693839 -25.312417 27.901673 18.553279 7.277753 6.684769 -39.916212 9.949393 11.516838 19.208133 36.271194
2 -1.354716 32.958113 -106.060344 -3.431114 26.711527 31.339497 -13.628024 7.706013 -4.458536 17.335593 -52.566272 32.268186 -12.538063 -8.374584 -12.105357 8.279383 14.657900 18.426257 25.085059 -14.698652 -23.445195 14.634582 10.014322 -1.235328 14.530974
13 17.069672 -46.457829 39.789603 55.863061 59.811264 -10.079981 -58.264299 35.235008 43.588353 15.079046 -14.847794 -2.681443 70.858805 -55.465501 -63.093635 -75.179301 -32.800264 22.257970 -19.582500 26.511319 -29.534490 -48.673358 31.290455 14.879740 24.482461
19 20.476131 39.627427 -173.880036 -14.516286 34.223886 2.537187 -5.804544 9.176778 -4.016078 -7.316030 -96.830843 29.799404 -33.611036 -4.482601 13.191723 13.772177 49.341264 24.121393 53.068231 22.313165 -46.433883 25.732703 6.912119 31.077955 11.585032
5 0.999682 9.651193 -88.586316 27.613946 62.983147 -15.583022 -9.819764 5.653901 7.982240 -5.307913 -55.405648 10.893408 -13.398677 13.758223 3.510839 -42.551365 -22.592636 28.273158 13.117628 8.769731 -43.344083 14.023386 13.390339 40.083303 35.935354
24 -15.611565 30.985250 -70.139280 21.747102 28.703570 24.680697 -5.197703 -10.922445 6.284068 23.180714 -21.389118 18.093033 20.602454 -29.301292 -22.166304 -20.131378 -130.900482 29.477153 27.076587 -5.434633 -28.959524 34.834462 33.591718 38.393666 22.556237
23 2.551947 -11.980405 -100.998677 40.144052 37.117059 -21.807751 -27.278831 -28.120670 -8.569444 5.296811 -38.996766 36.799029 -13.517850 -7.967880 26.199013 -9.057024 -28.065794 38.671080 23.360143 -18.124116 -17.474610 16.644369 60.102569 22.204696 22.913472
16 -13.497360 33.942670 -81.317228 23.896937 16.204164 14.122349 -27.513976 -7.472892 -25.787990 16.212656 14.853697 15.115515 -27.109087 -19.636488 9.024719 42.023031 -60.369874 29.685401 12.557791 12.896966 -36.923121 -14.067647 32.584112 13.387951 27.237079
5 -18.185337 35.202613 -135.560991 -6.322815 42.058935 -9.893841 -0.356448 7.222800 -16.845794 16.974827 -85.022347 11.163390 -51.328091 11.593703 20.862182 38.183978 10.692062 30.455109 29.547119 16.626844 -36.206890 22.263678 4.200841 32.413146 30.319848
20 11.762712 30.421934 -134.939217 -6.424212 34.744572 -15.653718 -4.472494 -6.124161 -6.015774 9.550091 -49.875795 14.009307 -48.234206 4.340788 25.930680 19.169169 8.335619 26.414554 26.992461 39.480156 -31.552913 1.069281 19.179928 20.662182 11.286636
10 -51.531049 60.438331 8.137425 35.548863 31.257593 30.093226 -43.132496 -51.248215 5.220134 85.332665 -35.104730 23.033305 -43.024919 -75.194319 31.002022 -39.062059 -21.090118 8.948880 21.872280 -109.317306 28.269245 -8.896631 56.653992 -15.130095 66.979057
4 -21.613704 -2.112092 -91.231739 44.240056 18.795749 22.153144 -21.063536 -18.642684 2.466487 -6.728608 -17.392111 30.955610 32.803666 -37.252377 -2.601316 -60.895220 -21.264678 29.740916 39.586016 -15.511624 -7.740928 18.701279 17.982421 39.476595 27.208477
22 -8.745134 3.128142 -126.947522 1.308671 19.452940 15.617331 -16.494140 3.658481 8.040969 26.381572 -33.292293 23.807920 -36.132903 -9.659757 18.596947 19.715438 13.624172 11.864293 21.366881 6.202438 -26.877211 40.072112 11.462162 -4.556918 18.454361
23 -5.610232 -58.065445 -68.404640 25.945167 31.978355 24.122595 -38.399298 2.295677 -8.791469 10.496620 32.080200 41.625947 52.604222 -34.733976 12.981371 -88.438178 -41.683526 23.098114 27.324068 -17.650692 -22.146789 27.411590 64.118449 13.267157 -5.364789
5 -16.582412 0.213276 -102.095995 3.714249 31.479931 -24.746787 -17.771001 -8.256308 -8.615591 3.444769 -27.230110 21.573607 -28.371761 0.607915 18.767768 27.284381 21.462893 28.818966 22.513798 18.557265 -37.667056 25.045952 1.172547 23.050275 23.676216
12 -24.745015 -5.779454 -82.125769 19.369902 28.050580 -14.032660 -18.354624 -7.283345 -28.464202 17.876024 -5.654568 34.254101 5.188596 -2.211707 12.904678 8.308264 -7.622050 10.120257 13.281820 -7.630049 -26.828159 16.983260 30.146048 27.138969 7.157657
10 34.407079 50.839449 16.000822 38.582085 17.144342 16.566683 -22.121562 3.275225 -1.944795 62.891140 -19.321038 16.578760 10.422094 -83.996390 -80.922993 -76.622154 -80.055718 40.148015 -6.450062 -31.347949 -14.902602 20.330801 23.551867 22.805038 44.186450
22 4.852039 21.561420 -77.837098 4.899718 29.277182 15.260245 -8.071982 -0.386637 -8.435023 2.822323 -55.944309 17.496294 -32.417578 2.655034 15.007464 7.878014 -23.276347 23.160440 27.699013 -1.666154 -32.835290 36.193340 -8.689850 25.605912 15.234852
12 10.203209 -57.700258 46.545162 48.951835 13.371938 39.670260 -56.060143 8.949029 20.577679 51.755331 24.431709 76.407607 56.544419 -62.603629 -58.183600 -124.174897 -139.768727 26.558477 -12.947974 2.620444 10.983598 -55.297214 69.306496 10.140883 49.775926
23 8.257923 6.798322 -69.084254 10.640094 21.522160 6.734563 -29.991107 -5.305952 -14.541525 11.160755 -25.392489 34.265162 -9.348820 -36.924200 -6.066330 6.355437 -23.097615 31.416464 35.902672 -8.718489 -36.879556 17.534044 37.173732 15.637417 22.001914
12 -27.392579 9.151999 -57.719869 26.264859 22.510738 12.780386 3.272812 -19.810073 -35.920790 15.685978 -15.261861 40.123281 -44.436904 34.678184 11.771658 26.236677 -54.023592 22.071306 22.194680 -31.499199 -22.318288 13.932079 -5.175929 27.445724 25.484654
19 10.751388 13.824011 -143.157777 -5.299030 15.872011 4.865570 1.452057 7.120865 5.967373 18.741255 -45.083732 28.286886 -46.303765 20.338103 0.287707 -6.789792 31.793984 14.242810 32.679451 5.102456 -26.780438 30.507418 0.760797 13.736303 17.130767
12 1.965566 10.877701 -68.222736 13.013329 6.915979 -0.153151 -14.207190 -0.996726 4.189207 -16.786906 -7.280599 31.578786 -25.522189 5.380378 1.787974 -1.099114 16.656603 2.881143 4.543966 -5.192170 -7.833648 17.370401 19.433480 3.677257 7.060175
5 -24.137941 38.350253 -65.160659 8.467724 75.415222 4.497814 -34.126814 -14.945023 0.629303 -18.480818 -72.121641 73.511088 -6.713652 7.347481 8.406101 -16.820261 -2.034119 28.593183 18.145611 -23.220760 -66.579440 59.770263 15.212991 -8.311449 14.366303
6 -26.750041 26.218310 -76.481373 12.744379 20.324669 45.782813 -23.769406 9.352975 19.226781 -6.690463 -49.729684 27.916705 -31.763930 -2.792952 -35.823378 -32.142742 16.380495 28.515322 15.872614 15.392313 -14.043832 18.037284 22.577059 17.567781 4.131631
12 -18.845604 20.861494 -105.103301 19.005681 26.893302 16.761279 -20.381808 -28.678935 -9.797769 -3.239104 -36.226784 41.004287 -17.386123 -3.106590 18.765068 -24.389390 22.937448 16.762991 26.623268 1.575654 -14.393394 15.561836 25.862119 11.316343 17.672348
24 10.478690 27.190385 37.104979 48.163281 36.452587 24.747663 -33.031330 -14.194847 -16.297712 10.068795 -22.447002 4.533146 -16.376086 -28.940648 -34.234052 -47.766719 -138.234591 41.032192 -1.893461 27.478767 -14.935171 24.024826 13.412890 51.550990 12.166564
5 -6.140048 17.381962 17.999508 24.352412 61.309738 3.938404 -34.819781 18.647754 10.315535 -13.610404 -2.266906 46.602839 -51.152960 -1.403754 -25.493722 -33.972013 -38.926291 27.281032 -11.156335 -8.886848 -27.128824 8.392751 37.531530 -39.993639 21.249051
2 48.409042 51.948204 -48.080431 37.970491 36.799536 -24.513386 -27.585128 27.685872 -5.048170 -31.075022 -20.847195 22.908741 -62.955765 46.018265 -37.196397 -57.744991 -70.787548 24.807385 8.216700 21.222457 -66.658635 22.896048 37.187321 16.081070 50.393249
4 25.734829 -18.467056 -44.117382 58.429949 1.712406 -27.072120 -17.778104 -8.462299 -8.467206 6.262103 5.112062 44.121740 45.819548 -12.775737 24.432218 -77.754675 1.499783 16.380759 -4.715652 25.202886 -32.385059 -10.404281 47.563946 -41.895156 2.057012
9 -23.077254 68.695663 -14.191535 43.513548 48.708166 13.227559 -52.426190 -20.502130 106.628724 35.688653 -5.802863 1.622420 66.900526 -54.841127 -89.406770 -162.150022 -100.919418 37.671952 2.123124 -69.442316 8.058255 47.183964 82.708098 -22.552755 52.643048
18 11.200851 -15.331587 -78.111135 44.833003 51.252402 -22.803635 -40.603311 -40.649971 10.343850 27.163986 -34.287398 50.731384 12.130796 58.998658 -75.308861 -61.954239 -43.475651 60.295134 16.125240 1.404660 -20.848417 28.222328 41.497406 11.845721 7.382017
24 21.603136 34.363718 -100.370201 14.798624 45.329869 15.492809 -14.426407 -16.869141 18.860495 31.125502 -99.328134 28.580545 -34.347365 -3.585269 -28.918665 -75.415751 5.326563 36.793343 4.830057 12.420422 -24.365538 27.887171 19.079102 54.537093 26.661452
5 -22.990710 8.600798 -49.599128 17.794711 36.563347 -2.573635 -8.171060 -22.510456 -0.076302 7.931800 -2.658256 28.277883 -27.870816 -23.900328 -40.439184 -18.102990 9.508296 35.083213 32.219877 9.909034 -14.350270 -9.286230 34.569599 -2.418870 24.540645
12 7.221342 7.410044 -67.690636 54.492595 14.318933 7.070061 -33.018445 0.290945 -7.777155 18.959198 -11.038214 56.540382 17.783414 -32.380770 -41.608155 -48.198020 -21.418026 22.910402 29.829906 -7.923711 -32.712682 1.080777 38.601357 7.001100 20.308447
3 -94.096141 36.220513 131.424574 33.428675 36.386537 88.782894 -48.277930 4.325357 16.754961 24.374851 69.140535 43.857612 -115.442417 -115.799064 2.309335 -39.907256 -105.747410 -4.441499 -1.117478 -118.452970 11.432837 6.500482 68.563670 9.145410 60.682606
20 5.050094 0.522569 -47.853395 31.312734 28.209790 -18.530283 -14.848064 -4.042998 26.090553 -7.900404 -23.560673 1.299674 30.967997 -25.599480 15.460727 -32.118827 -33.618411 38.999503 -1.888779 49.884856 -38.133772 -0.695782 2.315613 -8.480750 27.205824
12 20.964114 14.856605 23.602956 55.570409 11.463053 -55.587079 -41.475889 -7.345997 -8.730493 19.593727 16.433801 64.551483 8.547366 -28.716566 18.864391 -40.423801 -60.462480 29.857771 5.995776 -36.485698 -45.984764 -11.674780 34.456006 -8.756625 20.926298
23 18.554122 9.935157 -47.064423 19.935511 11.164048 34.636808 -12.598209 -39.873427 0.423292 10.214050 41.438306 25.590803 -14.238393 -5.578961 3.026636 -19.680286 -134.085891 43.946959 -26.352945 19.864800 -35.724304 18.528096 47.741703 -2.943579 33.188513
24 -26.650210 29.950471 -53.056380 24.098661 39.067207 -4.936627 -35.461585 -34.381681 -21.394777 25.603955 -22.686320 35.679430 -62.818026 12.787073 -38.951743 17.890848 -19.953111 27.506961 23.581077 -15.049531 -34.543129 30.697401 11.661439 54.749853 36.659914
19 -18.199516 -5.947590 -74.149350 28.284798 5.985494 17.841932 -13.343781 -8.434226 -17.077197 38.718032 -8.700036 31.718265 -18.086154 7.223974 -11.714514 -50.811130 -18.823778 17.948692 40.174842 8.861155 -35.968552 32.049538 8.971962 29.250389 14.275057
10 -56.744244 43.958941 10.658453 10.295934 14.528887 -11.242058 -7.220892 -20.389660 -2.853111 55.917596 -35.239125 38.456694 -25.808752 -30.519691 14.591534 -21.011965 -36.147448 35.807768 12.606227 -46.145047 2.268050 -55.634176 36.306489 35.331653 38.267869
25 -41.307831 45.028764 -58.952761 29.080819 -1.298978 33.734491 -34.519379 -13.599979 -11.609073 -7.467811 29.818764 40.033895 44.221582 -86.927230 -53.154487 -69.540619 9.795661 15.852016 16.692112 -19.108591 6.167087 1.199196 48.248317 24.297020 53.366820
10 -27.018122 31.728948 79.737977 18.444163 49.927914 26.093560 -18.434511 -5.715314 -27.063423 79.818304 15.433003 23.363153 -56.509908 -46.374314 -7.177575 -57.821274 -106.847592 43.271617 -16.396923 -45.654098 35.582513 -44.787180 3.739453 2.035477 50.662966
11 -19.383805 -20.035377 41.697664 52.881808 17.811434 27.067937 -43.713366 5.042235 8.806752 5.031948 86.058434 42.549109 33.955369 1.180471 -27.928776 -121.576918 -108.377759 25.704272 -16.172019 14.209197 -5.489893 -37.504163 45.637254 -33.398027 25.979846
3 -11.017670 -23.141110 99.107727 73.725333 39.750355 -15.915123 -21.790125 10.202698 -0.186097 -3.218592 5.852225 -18.678714 42.655234 -45.808640 13.002224 -88.238054 -169.024671 49.051876 -25.549517 40.580766 -44.062042 33.143839 31.306317 -27.554471 55.858670
5 -17.175250 10.677374 -43.200828 33.679696 50.422779 0.597157 -9.508021 13.299221 -16.110546 -10.139795 -36.698041 24.484900 -36.676213 6.788355 6.492359 11.144124 -59.768284 33.886147 5.616030 5.211359 -55.230035 -1.906967 21.033909 29.857989 33.270959
13 23.943911 11.249858 -27.806736 65.204765 24.848983 14.585489 -30.827372 -5.046879 52.942176 8.205861 -23.658204 7.583479 89.510880 -69.665443 -116.617448 -108.175910 -84.632950 31.534738 11.856145 3.014675 16.275168 0.617016 67.246378 -0.100541 37.977327
24 -10.123629 18.475305 -109.768474 9.494271 26.162173 17.369413 5.481072 -11.639174 16.667785 22.559637 -82.180839 -2.210116 -45.450831 10.833771 -24.117505 1.977069 0.628616 36.895969 20.567381 45.403461 -37.443033 6.614599 -5.121908 47.198065 41.785253
23 0.232523 -47.003987 19.199822 49.340167 8.738466 56.902355 -26.996068 2.844244 31.215345 7.845192 0.015276 16.502932 67.500829 -37.187630 -72.981435 -139.087993 -28.008160 15.522467 -43.971187 -2.403149 38.630191 -48.870075 86.618491 14.672528 30.777508
24 -11.270595 -25.599458 -2.119382 20.931551 15.978922 17.378612 -41.856443 -32.019594 20.374348 -16.763920 -33.099476 -2.013903 -6.444947 -1.568499 -32.658677 -15.504443 22.816331 42.795324 -4.268248 -3.276584 -22.825243 22.786227 -1.647978 57.994278 31.934769
9 27.188464 -23.604455 -89.034444 22.800691 31.688344 2.513664 -24.904099 38.430938 40.601221 -28.544528 -51.267847 11.259278 12.310483 -21.793233 5.581548 -54.490251 -24.420772 36.247858 25.845056 20.216889 -43.095512 39.786566 14.296486 14.782006 17.655369
24 -33.641474 4.301911 -18.895990 9.213375 17.065812 -44.344824 -17.439823 -3.960100 6.073014 35.792328 -40.685397 39.534862 -39.961303 15.401344 42.204810 -25.593361 -47.779966 17.898273 3.511731 -25.043167 -40.426025 34.335053 16.908888 52.172957 43.408992
13 58.626799 -12.943431 7.708183 85.828287 7.281657 16.044762 -29.953057 2.457302 42.357444 16.125728 -2.137202 9.178863 86.459765 -50.512471 -52.472154 -143.851955 -66.856463 47.429517 -22.375394 -13.086631 -37.407445 -24.834545 28.206618 -8.892874 57.668735
4 17.850849 9.808673 -31.192551 52.385150 47.179366 -10.065407 2.240549 -25.403191 32.984073 10.770126 -31.351253 33.022281 1.283475 5.807227 -39.282783 -89.193354 -28.345957 29.224604 1.369684 -3.402980 -49.101862 1.190234 32.245387 -6.970650 37.003464
19 -28.403550 -2.008235 -109.110210 32.077596 16.789200 2.812241 -56.852506 -15.395446 9.557084 -4.109860 -13.791155 61.104832 52.752163 -66.575789 42.796983 -91.629875 25.564348 20.935337 62.603685 -23.151395 -11.798611 11.083955 35.813968 15.182790 33.803725
18 8.361329 4.725225 -49.510111 20.260123 9.061173 -2.962536 -13.670711 -43.751304 -6.253905 29.440433 -7.296656 -9.413713 25.045380 -3.138135 -6.926352 4.121155 -33.902140 49.595166 -2.411748 10.778590 -27.478221 21.359739 9.412726 -6.255481 20.841205
23 -21.770151 36.887425 -34.732904 40.097454 15.377229 -20.930206 -32.879013 -29.185139 -22.716291 15.948728 65.326218 62.777393 5.243769 -39.131134 -49.838301 7.274417 -96.505876 13.089757 24.988493 -5.613087 -14.147291 -16.974924 70.282072 5.740056 21.435466
25 20.054076 30.654192 -22.578039 46.126036 4.489398 -16.054487 -33.872911 46.010040 8.201924 18.920878 17.499996 18.344880 58.583897 -136.556692 -118.173068 -55.402003 2.267166 33.526029 15.754057 -79.824254 7.780940 21.498253 24.599496 27.724646 60.480622
8 0.454589 -1.270642 -57.596337 -0.987637 13.459565 8.132442 -28.754847 52.920815 -3.151273 -6.743258 -43.805918 13.680164 -20.679149 -4.360604 31.684166 -27.879106 44.079948 -2.761623 8.712130 -3.606614 -14.159397 30.016928 29.732270 -15.538624 -1.531539
23 -51.890250 37.882110 81.753843 28.671791 24.388867 23.517111 -95.199611 -7.425560 23.337669 50.296887 19.306586 22.174254 -23.564049 -108.034459 -43.124098 -111.770941 16.492638 55.689938 55.838955 -179.732766 64.370672 -31.824243 94.947711 29.307760 24.644013
17 8.989701 24.800572 -50.243007 20.944252 34.928266 6.871556 -43.310743 22.549519 -10.551351 -20.775824 -18.304820 16.559431 -33.566720 -25.889816 -65.858022 -21.949536 76.428133 21.210950 35.765028 -18.693754 -6.404442 15.522352 32.489352 -5.322732 3.870971
4 25.071512 34.714789 -12.280857 43.729152 41.703365 -27.018987 -18.716518 -6.554579 -5.110563 -10.480385 -60.210094 14.539062 -15.569432 -24.189988 -39.488416 -90.651368 27.504732 33.456078 -9.948156 2.087460 4.046860 9.270721 36.047032 8.248538 39.850638
