12 -0.093146 0.086547 -0.111833 0.173935 -0.128894 0.195151 0.256996 0.218598 0.090077 0.012382 -0.206505 0.320486 0.007500 0.084386 0.288323 -1.761852 0.161053 0.171457 0.033557 0.112608 -0.174504 0.295720 -0.022799 0.219907 -0.229148
23 0.179301 0.165579 -0.150584 0.213739 0.234780 0.333213 -0.061568 0.171138 0.067216 0.028047 0.021304 0.162174 0.372188 -0.138399 -0.198399 -2.771725 -0.208300 0.237159 0.193437 0.245900 0.330795 0.041376 0.418161 0.113073 0.000393
1 0.290441 0.066240 -0.069709 0.129440 -0.042746 0.132689 -0.089670 -0.023950 0.158369 0.066673 0.012068 -0.016897 0.080867 0.010663 0.082106 -1.200606 -0.104405 0.121117 0.041411 0.121582 0.100637 0.024702 0.210244 -0.062995 -0.038272
8 0.009940 0.242456 0.152892 0.182234 0.214868 0.256324 0.085952 0.303523 0.249051 -0.043438 -0.322865 0.273175 -0.056966 0.103674 -0.008154 -2.557593 0.043108 0.132596 0.162291 0.250303 -0.066608 0.274160 -0.048893 0.290653 -0.122684
12 0.336865 0.369354 -0.095271 0.349160 0.309233 0.196440 -0.203839 0.497335 0.176921 -0.138397 -0.719166 0.511428 0.196906 0.091397 0.103548 -3.465009 -0.051277 0.062306 0.427026 0.442734 0.119748 0.246404 0.043888 0.420328 -0.228061
1 0.358154 0.236139 -0.331562 0.085127 0.041263 0.050577 0.050689 0.052045 -0.092652 -0.159962 -0.697585 0.227240 0.166628 -0.150294 -0.235383 -0.053578 -0.228664 0.230429 0.057007 0.154111 0.287442 0.075023 0.187188 -0.222970 -0.086410
1 0.491592 -0.055238 0.158250 0.338587 0.361198 0.288359 -0.067289 0.250863 0.267047 0.060935 -0.015705 0.167913 0.319503 -0.202981 0.010567 -4.030217 0.027876 0.261268 0.317794 0.124752 0.162744 0.265951 0.078375 0.348088 0.069768
1 0.522649 0.059264 0.042926 0.075404 0.239478 0.158644 -0.083004 0.410549 0.316895 0.036511 -0.526686 0.134597 0.122825 -0.050787 0.118829 -2.231615 0.052842 0.040801 0.191701 0.155676 -0.013836 0.343822 -0.122813 0.049808 -0.044479
12 0.311160 0.279453 -0.068366 0.185691 0.381855 0.325551 0.303993 0.344444 0.094349 -0.049220 -1.127631 0.411235 0.191566 0.071058 0.028642 -2.264123 0.033805 0.048910 0.288386 0.248233 -0.191557 0.360230 -0.085353 0.133663 -0.255973
1 0.490048 -0.028554 0.046774 0.289865 0.350206 0.255521 -0.239139 0.302595 0.189542 -0.024859 -0.206544 0.154102 0.249170 -0.223310 -0.017364 -3.300731 0.181205 0.094383 0.163262 0.323211 0.327059 0.214103 0.098746 0.193570 0.117138
16 -0.025259 0.263438 -0.395106 0.039832 -0.204067 -0.562735 -0.054570 -0.583494 -0.437455 0.226321 -0.039070 0.086883 0.047812 -0.248688 0.509657 0.853246 -0.350962 0.398443 0.103581 0.228777 0.455801 -0.179477 0.011109 -0.202169 0.058151
17 0.251902 0.270898 -0.157066 0.492422 0.443446 0.339445 -0.112702 0.418113 0.201229 0.055990 -1.299010 0.489122 0.353440 0.039140 -0.051346 -4.157701 0.599150 0.285009 0.332919 0.309709 -0.016093 0.502800 0.145540 0.194988 0.068659
4 0.149705 0.142801 0.044841 0.428010 0.272536 0.116728 0.123245 0.021646 -0.173101 0.316211 -0.266765 0.051720 -0.050668 0.163367 0.154916 -2.721418 0.178166 0.302385 0.156428 0.269872 -0.060320 0.164851 0.199491 -0.061848 0.077201
2 0.483388 0.638409 0.078506 0.201091 0.446895 0.185565 -0.100421 0.273333 0.107937 0.035066 -0.791597 0.137589 0.250792 -0.089945 -0.116514 -3.005447 0.177595 0.016748 0.195293 0.298531 0.335709 0.313022 -0.058089 0.269395 -0.282852
7 -0.069777 0.337882 -0.128153 0.147647 0.225696 0.209528 0.384438 0.026100 0.192186 0.058680 -0.056166 0.273913 0.264631 0.166864 0.122644 -3.827620 0.198148 0.240254 0.302606 -0.006632 0.221051 0.109547 0.241817 0.135563 0.229153
2 0.616607 1.159999 -0.353417 0.129453 -0.131494 0.060217 -0.147300 -0.429786 -0.255916 0.180050 -0.889128 0.159956 0.276305 -0.365123 0.213548 -1.663963 0.118642 0.168772 0.239356 0.281712 0.476128 0.139047 -0.053900 0.013480 0.056756
17 0.243418 0.141362 0.061077 0.213906 0.048492 -0.073519 0.020392 0.092017 -0.119459 0.014478 -0.441002 0.216267 0.239898 -0.011967 -0.109185 -0.640636 0.248612 -0.015880 0.085433 0.215583 -0.134886 0.117050 -0.219873 -0.212570 0.020990
1 0.179285 0.133079 0.043865 0.084683 0.122029 0.032509 0.028761 0.069382 0.179107 0.073579 -0.106844 0.091026 0.115423 0.138317 0.037310 -1.791073 -0.290361 0.143540 0.089288 0.114570 0.081741 0.161589 -0.015044 0.135161 0.149078
1 0.361045 0.182892 0.020116 0.194286 0.157758 0.073649 -0.136140 0.052393 0.031396 -0.026020 -0.198045 0.160730 0.131007 -0.052092 -0.103159 -1.485918 0.135310 0.128159 0.103649 0.080923 0.034393 0.157023 0.046413 -0.026271 -0.023497
1 0.305456 0.146531 -0.052826 0.170027 0.076351 0.055266 0.261115 -0.078885 -0.168790 -0.138015 -0.100635 0.184818 0.145539 -0.077794 -0.091540 -0.916597 -0.124792 0.116506 0.040618 0.114005 -0.076037 0.170419 0.189685 -0.022580 -0.127842
6 0.161023 0.167283 0.302890 0.251869 0.351615 0.762096 -0.069852 0.432852 0.480255 0.132917 -0.274166 0.267969 0.395827 0.342116 0.278153 -6.634084 0.345675 0.238487 0.545573 0.330909 0.124013 0.525658 -0.084579 0.609447 0.016055
18 -0.210794 0.047370 0.236736 -0.043717 0.047214 -0.139504 -0.669270 -0.106609 0.076231 0.626443 0.392520 0.355699 0.294073 0.425384 0.274265 -2.711242 -0.765999 0.640149 0.182010 -0.066834 0.533311 0.194774 0.053407 -0.276585 0.610969
24 0.155097 0.398720 0.228474 0.054102 0.430599 0.497190 0.299797 0.297929 0.222646 0.017099 -0.228659 0.255134 0.260861 0.146060 0.040059 -4.822057 -0.056833 0.324977 0.209942 0.047562 0.144544 0.482599 0.041962 0.563292 -0.011096
8 0.433080 0.123658 0.150686 0.239790 0.389676 0.242634 -0.303557 0.466899 0.451501 0.184142 -0.346249 0.223337 0.442505 -0.118484 0.202088 -5.404179 0.353984 0.232847 0.340612 0.297759 0.431694 0.315435 0.029870 0.356321 0.263950
6 -0.042967 0.178955 0.221430 0.138292 0.172784 0.407902 -0.161392 0.220142 -0.114087 0.156983 0.072638 0.069875 0.143855 0.052326 0.270533 -2.591361 -0.276413 0.238515 0.187571 0.095157 0.211393 0.262863 0.010468 0.227666 -0.153129
6 0.209975 0.113351 0.049175 0.160922 0.058865 0.362353 -0.164842 0.197387 0.307618 0.200589 0.004153 0.257571 0.234720 0.127175 0.249919 -3.221000 -0.184989 0.228100 0.271877 0.269360 -0.045518 0.126598 -0.051746 0.270733 -0.032347
24 0.222858 0.382842 0.203526 0.142042 0.121673 0.532030 -0.225573 0.046196 0.070213 0.224621 -0.409405 0.210627 0.354265 0.238271 0.229298 -4.121694 -0.088597 0.266332 0.255920 0.068602 0.175044 0.298026 0.126925 0.763075 -0.087116
22 -0.073187 0.087437 0.513328 0.307034 0.385765 0.181386 -0.298267 0.187977 -0.122145 0.523930 -0.045044 0.383968 0.332761 0.424572 0.353701 -3.817802 -0.382991 0.361512 0.285262 -0.035801 0.135664 0.604270 -0.174549 0.004798 -0.123580
10 0.045298 -0.069633 0.042000 0.127755 0.091445 -0.087305 -0.375677 -0.108487 -0.024473 0.195032 0.001693 0.041849 0.190799 0.112265 0.010852 -0.527016 -0.219612 0.092347 0.161148 0.089831 0.086817 0.035239 0.127594 0.026188 -0.065947
18 -0.024097 0.045498 0.158250 0.259572 0.036216 0.250213 -0.236178 0.036935 -0.097501 0.051572 0.224502 0.186127 0.101019 0.013301 -0.191263 -1.940522 -0.168661 0.343937 0.115237 0.226705 0.109408 0.084044 0.138888 0.193982 0.082817
6 0.284514 -0.011914 -0.005212 0.248937 0.252604 0.386993 0.048420 0.294858 0.306262 0.065632 -0.901811 0.295941 0.159698 0.111042 0.044735 -2.399636 0.199952 0.048789 0.338985 0.386345 -0.287485 0.241030 -0.047058 -0.005746 -0.055874
24 0.420769 0.121207 0.043043 0.356763 0.266563 0.352760 -0.188993 0.270583 0.094500 -0.046769 -0.128084 0.161071 0.204730 -0.117549 0.138908 -3.616599 0.257585 0.207148 0.237360 0.338758 0.035487 0.252048 -0.034502 0.489442 -0.116231
6 0.015895 0.072411 0.038422 0.166856 0.080145 0.316093 0.071879 0.119157 0.017156 0.016379 0.115093 0.153968 0.259364 0.046380 -0.084792 -2.052760 -0.097704 0.119590 0.164278 0.109656 0.010302 0.159334 0.027964 0.201776 -0.046842
17 0.364248 0.061632 -0.001474 0.379285 0.416956 0.273091 -0.093350 0.306219 0.256666 -0.160037 -0.955071 0.258826 0.283468 0.100983 0.003040 -2.433683 0.645106 -0.087486 0.080599 0.296002 -0.039378 0.236447 -0.200794 0.111756 -0.103052
24 0.050145 0.555007 0.008498 0.168589 0.846578 0.539276 0.425355 0.628565 0.559916 -0.112078 -0.775044 0.498268 0.536978 -0.029077 0.232922 -7.722089 0.218358 0.361472 0.498871 0.215834 0.310996 0.552187 0.336184 0.868703 0.225585
6 0.090486 -0.082106 -0.170002 0.212922 0.081752 0.361246 -0.136259 0.201732 0.089070 0.099573 0.168412 0.262411 0.314228 0.008815 -0.025208 -2.797851 0.169748 0.130969 0.181335 0.186566 0.087601 0.214990 0.254065 0.306919 -0.211413
2 0.243376 0.380596 -0.205004 0.037384 0.154275 0.179055 -0.049063 -0.047319 0.089788 -0.187478 -0.312627 0.338314 0.178279 0.130439 0.135392 -1.946348 -0.071662 0.315988 0.170214 0.305803 -0.016456 0.090171 0.089023 0.131366 -0.133506
5 0.124004 0.000821 0.082065 0.276950 0.281734 0.068412 -0.027910 0.151489 0.040615 0.173926 -0.248763 0.281586 0.185430 -0.171972 -0.000293 -2.208708 0.204769 0.209502 0.051717 0.069037 -0.068600 0.275958 0.115582 0.154382 -0.021733
22 0.084150 0.142371 0.035236 0.306551 0.064548 0.269433 -0.381108 0.086987 -0.052378 0.225268 -0.434501 0.339035 0.167420 0.152770 0.281282 -2.605818 0.236466 0.085218 0.059135 0.368009 0.174500 0.380848 0.034516 0.044050 -0.063989
13 0.463529 0.108959 0.176292 0.402269 0.156124 0.538369 -0.286999 0.407287 -0.027554 0.019187 -0.458061 0.307960 0.626600 -0.205994 -0.076871 -4.389362 0.334910 0.216719 0.149194 0.371877 0.306655 0.341513 0.138478 0.296177 0.082743
5 0.608505 0.104349 -0.305370 -0.032460 1.725374 0.731823 0.885147 0.807078 1.422124 -0.544731 -1.470511 0.592294 0.483010 0.411385 0.454031 -11.189034 1.089398 0.002702 0.791895 0.490274 0.077075 0.913479 0.409662 1.328188 0.214313
5 0.070122 0.107345 -0.044948 0.159307 0.539245 0.339045 0.307054 0.099987 0.276598 -0.044661 -0.169708 0.344877 0.220988 -0.165954 0.165991 -4.417263 0.266891 0.228275 0.190441 0.113073 0.276939 0.330585 0.320453 0.355812 0.129506
6 0.259038 0.186349 0.130587 0.283096 0.417765 0.702317 -0.047056 0.518750 0.361775 0.060089 -0.238677 0.445629 0.195259 0.111852 0.039382 -5.524650 0.292165 0.121129 0.307157 0.253273 0.037100 0.385898 0.240156 0.695474 -0.233856
5 0.359137 0.183357 0.331911 0.259675 1.144079 0.493428 0.222392 0.705062 0.628601 0.088000 -0.920109 0.230991 0.258174 -0.042854 0.198564 -6.524182 0.651198 0.004074 0.331796 0.217530 -0.098617 0.621654 0.175970 0.363778 0.116394
10 0.107390 0.167797 0.020747 0.089867 0.316607 0.058340 -0.074890 0.050591 0.204674 0.391496 -0.255564 0.215685 0.268180 0.206198 0.331264 -2.902669 0.134356 -0.003552 0.261055 -0.025201 0.074167 0.323235 0.162005 0.084290 -0.206067
5 0.292800 -0.054383 0.201128 0.502941 0.985405 0.624872 -0.223101 0.842846 0.789828 0.029125 -0.340700 0.553649 0.597398 -0.093579 0.274520 -8.872101 0.336652 0.380245 0.525687 0.338073 0.441356 0.617287 0.152615 0.716243 0.381193
24 0.319801 0.224161 -0.004332 0.273596 0.940500 0.777502 0.328265 0.469389 0.718075 -0.079400 -0.644384 0.425342 0.510077 -0.075540 0.171508 -7.905601 0.350843 0.398434 0.471359 0.260299 0.211794 0.334587 0.228652 0.985468 0.309604
9 0.405328 0.273264 -0.061553 0.074077 0.777808 0.546022 0.416943 0.470800 1.027238 -0.234840 -0.687079 0.397385 0.285278 -0.115838 0.214571 -7.131652 0.076181 0.245462 0.514397 0.415947 0.293025 0.318058 0.229412 0.893341 0.356423
5 0.314442 0.673574 0.301828 -0.025453 2.271934 0.945724 2.209397 1.599716 1.534187 -0.758731 -1.616353 0.608901 0.675218 0.364003 0.572797 -14.557700 0.161191 0.047056 0.892032 0.590662 0.216278 0.839433 0.047647 2.042049 0.050169
5 0.337146 0.098925 0.103162 0.305572 0.572649 0.228663 0.402459 0.458204 0.431529 -0.233333 -0.528464 0.279951 0.188232 0.241376 -0.118514 -4.392441 0.138427 0.073996 0.489864 0.361280 -0.297720 0.246319 0.023956 0.452172 0.136592
24 0.076553 0.090539 -0.002840 -0.004568 0.376487 0.366324 0.534944 0.481227 0.289307 0.160227 -0.463378 0.259006 0.279369 0.117141 0.085030 -4.575833 -0.083155 0.165189 0.335547 0.269135 0.051789 0.403678 0.149652 0.590369 0.048261
24 0.282003 0.058195 0.139458 0.395896 0.257696 0.439069 0.047535 0.169714 0.307408 0.120167 -0.161635 0.259246 0.310969 0.009605 0.154177 -4.661826 -0.051720 0.390482 0.178025 0.185552 0.140368 0.225025 0.081788 0.467522 0.255281
1 0.417280 0.065429 0.042519 0.242659 0.248899 0.406801 -0.130247 0.368531 0.188755 -0.066090 -0.406681 0.285171 0.394351 -0.257464 0.030014 -3.490213 0.331883 0.211124 0.075197 0.256975 0.079537 0.280891 0.131966 0.256689 0.036025
24 0.135373 0.467969 0.004595 0.230896 0.564342 0.529533 -0.273998 0.393221 0.501820 0.052417 -0.475249 0.497297 0.512055 0.023398 0.135741 -6.381986 0.135452 0.122470 0.364345 0.483791 0.714855 0.457671 -0.002584 0.937054 -0.130477
24 0.301900 0.114269 0.431681 0.247718 0.434678 0.460108 -0.288644 0.195599 0.129377 0.345121 -0.021750 0.458416 0.325209 0.092705 0.173959 -4.649441 0.071951 0.234460 0.246971 0.007062 0.018679 0.272295 -0.065910 0.568561 -0.104972
6 0.307485 0.328759 0.182907 0.261323 0.227990 0.604117 -0.149976 0.245693 0.205015 0.105422 -0.431743 0.516640 0.491489 -0.234311 0.040052 -4.504112 0.263510 0.368258 0.229725 0.200301 0.131509 0.292088 -0.018292 0.389591 -0.053440
6 0.080861 0.041105 0.006216 0.259118 0.216746 0.455306 0.043937 0.186861 0.045373 -0.054201 0.176777 0.198412 0.151240 -0.015253 -0.104511 -2.500624 -0.142877 0.251944 0.161730 0.249142 0.169624 0.172611 0.152235 0.086381 -0.288153
13 0.290882 0.068314 0.042063 0.310912 0.124144 0.344160 -0.228696 0.298101 0.171328 0.055525 0.168533 0.011545 0.432645 -0.062876 0.010360 -3.768978 0.140857 0.203067 0.256788 0.110217 0.071922 0.406938 0.204992 0.347505 -0.010248
1 0.622871 0.102174 -0.028033 0.306439 0.514036 0.379935 -0.350428 0.268836 0.437916 -0.074343 -0.402426 0.310311 0.231834 -0.108408 -0.152466 -4.076583 0.069903 0.159409 0.215297 0.385989 0.251865 0.301080 0.112790 0.358849 0.163155
9 0.321900 0.271951 0.188920 -0.063238 0.389002 0.411226 0.137748 0.564363 0.567892 -0.110007 -0.349355 0.239093 0.254280 0.205838 0.146770 -4.790720 0.373784 0.198868 0.190673 0.112117 0.056209 0.198921 0.097718 0.352938 0.033111
22 0.071124 0.075850 0.175294 0.286620 0.258255 0.125103 -0.032677 0.232884 0.178312 0.041322 -0.133287 0.162505 0.204713 0.052094 0.045461 -2.149009 0.265014 0.114774 0.013762 0.072386 -0.067292 0.298761 -0.090928 -0.175942 -0.025101
7 0.047615 0.289265 -0.212475 -0.063907 0.655734 0.129551 1.279623 -0.038680 0.451432 -0.447138 -0.519136 0.131501 -0.020967 -0.044372 0.113572 -3.893926 0.342500 0.108286 0.299077 0.025518 0.333729 0.135380 0.226572 0.698977 -0.027730
7 0.020780 0.338863 -0.214418 -0.054260 0.481472 0.277021 0.624383 0.210377 0.183061 -0.115224 -0.300904 0.086906 0.056665 0.072573 0.211951 -3.299217 -0.228957 0.166616 0.351520 0.132772 0.308882 0.317134 0.273079 0.260890 -0.161965
24 0.205546 0.077543 0.218478 0.200310 0.145842 0.328994 0.231557 0.241606 0.158691 0.066089 -0.445885 0.374003 0.018208 0.057358 0.089136 -2.817844 0.166386 0.059901 0.106735 0.146988 -0.017548 0.165798 -0.111211 0.389877 -0.056557
2 0.115883 0.437463 0.059185 0.146852 0.239607 0.174466 0.024681 0.069316 -0.073699 0.156218 -0.712555 0.226718 0.293039 0.062521 0.367158 -2.579344 -0.044152 0.052442 0.216803 0.135848 0.208173 0.338436 -0.172886 0.262207 -0.004381
7 -0.149501 -0.017320 0.027720 -0.034860 0.367450 0.216783 0.611856 -0.200857 0.186250 0.073498 -0.266208 0.151616 0.084864 0.057564 0.225183 -2.368605 -0.211176 0.310873 0.117210 0.120673 0.381266 0.023536 0.158589 0.002324 0.131271
7 -0.152322 0.308775 -0.087592 -0.034032 0.414502 0.314463 1.193180 -0.119638 0.295389 -0.176114 -0.425397 0.235666 0.166190 -0.165388 0.338088 -3.351088 -0.574197 0.189387 0.130410 -0.011458 0.509893 0.115318 -0.141647 0.871654 0.155958
7 -0.513173 0.648462 -0.344624 -0.620525 0.507170 0.003350 1.415555 -0.526221 0.302876 -0.001020 -0.452560 0.128843 0.172181 0.217569 0.403266 -3.180123 -0.989522 0.711784 -0.230452 0.028860 1.119333 0.142120 0.027303 0.555372 0.474176
25 0.128187 0.137227 -0.335500 -0.128609 -0.027180 -0.106268 0.338386 -0.277177 0.026441 -0.229834 -0.608838 0.302359 0.153279 -0.248132 0.207432 -0.156804 -0.507940 0.293910 -0.000409 0.078844 0.549740 -0.123061 -0.145518 0.020630 0.658837
7 -0.282403 0.164133 -0.151395 -0.137458 0.381100 0.452287 1.079141 0.073320 0.454206 -0.156393 -0.906050 0.286713 0.245974 0.037253 0.225871 -3.047160 -0.320979 0.214457 0.252860 0.021033 0.142383 0.143911 0.028841 0.568157 0.230198
8 -0.153775 -0.092857 0.165351 0.416396 0.410042 0.412157 0.136513 0.707600 0.194951 0.023319 0.276368 0.408433 0.148155 0.073154 -0.070660 -4.947462 -0.010554 0.307864 0.214994 0.286321 0.187647 0.289143 0.282537 0.173147 0.161217
5 0.048131 0.112082 0.072779 0.406737 0.811641 0.392842 0.187463 0.552793 0.618690 -0.006798 -0.400724 0.383019 0.301614 -0.097318 -0.043678 -6.182474 0.342031 0.138016 0.403189 0.178721 0.186760 0.333948 0.440724 0.709203 0.110610
17 0.297236 0.020637 -0.029614 0.186990 0.360397 0.146955 0.219528 0.380922 0.607134 -0.256289 -0.493150 0.139029 0.242529 0.060984 0.052586 -3.364452 0.639555 0.066992 0.022195 0.193015 -0.109013 0.392326 -0.050960 0.173443 0.101024
9 0.070661 -0.033899 -0.090156 0.105231 -0.064582 0.275431 0.155125 0.151471 0.476576 -0.152103 0.475579 0.168863 0.000972 -0.012534 0.061065 -2.091256 -0.150345 0.158114 0.271019 0.057081 -0.145429 0.165366 -0.088580 0.391294 -0.154965
3 0.240252 -0.028307 0.338772 0.215805 0.260406 0.151232 -0.132348 0.086419 0.115921 -0.034477 0.086697 0.304446 0.283594 -0.074554 -0.114006 -2.996996 0.135420 0.188967 0.201312 0.076235 -0.012951 0.184365 0.170099 0.092598 0.261097
8 0.661211 0.097635 0.059659 0.114508 0.821825 0.316792 0.197204 0.882402 0.670714 -0.108192 -0.274536 0.297328 0.201672 0.103078 0.125963 -6.657690 0.270878 0.197942 0.585750 0.123471 -0.003512 0.516469 0.224545 0.640444 -0.065562
23 -0.055691 -0.057281 -0.090838 0.239537 0.295112 0.294853 0.243925 0.397431 0.018627 -0.128874 -0.098349 0.176732 0.282565 0.167309 0.075353 -3.652543 0.047334 0.243213 0.191002 0.370153 0.020100 0.228060 0.402786 0.131185 0.258300
13 0.394580 0.114155 0.129803 0.267070 0.255687 0.357040 -0.067222 0.234602 0.168975 0.252415 -0.397484 0.340423 0.402802 0.196459 0.263301 -4.881380 0.181587 0.198812 0.244681 0.346177 0.098955 0.397151 0.083102 0.378508 0.039801
9 0.171884 0.128329 -0.155606 0.099019 0.282668 0.083112 0.283856 0.349482 0.419528 -0.100622 0.130040 0.326661 0.042566 0.008840 0.007629 -3.147712 0.136250 0.105655 0.126168 0.165101 -0.012013 0.174261 0.210803 0.254792 -0.090692
9 0.067823 0.080701 -0.198449 0.026237 0.384823 0.302042 0.452703 0.468350 0.635391 -0.182237 -0.415414 0.267529 0.118173 0.119854 0.039932 -4.119270 0.466394 0.229392 0.337528 0.213994 -0.086805 0.253535 0.102780 0.392701 0.042294
16 -0.177221 -0.406588 -0.149560 -0.055486 -0.109408 -0.076939 -0.323801 -0.376795 0.091172 0.069689 0.386558 0.129361 -0.067822 0.171069 0.181246 1.496935 -0.590882 0.027327 0.130128 0.006788 -0.029260 -0.097793 -0.133642 -0.191999 0.096922
5 0.266738 0.056138 0.149461 0.165267 0.473524 0.147923 0.048782 0.270148 0.324781 0.010889 -0.208764 0.232783 0.155000 0.082651 0.005402 -3.158005 0.336282 -0.057384 0.258141 0.146540 -0.030870 0.110244 0.105302 0.210066 -0.101039
5 0.094534 0.255927 0.210997 0.102789 0.319607 0.153585 -0.162911 0.250073 0.194894 0.104307 -0.212536 0.079971 0.263277 0.006327 -0.091506 -2.939165 0.164515 0.113729 0.185359 0.099701 0.083500 0.310141 0.053469 0.250906 0.108509
5 0.253540 0.164262 0.186056 0.122590 0.741905 0.228961 0.399233 0.526050 0.688677 -0.149269 -0.510791 0.302377 0.347397 -0.250739 0.342277 -5.389772 0.626943 0.094283 0.274685 0.064664 0.088721 0.390681 -0.140169 0.584695 0.012740
5 0.263952 0.166196 0.011179 0.154117 1.010852 0.647120 0.206074 0.768386 0.466730 -0.016042 -0.467572 0.264786 0.444995 0.126631 0.579285 -7.147964 0.713438 0.005113 0.663983 0.021166 0.045757 0.504305 0.059221 0.671804 -0.163511
9 0.438685 -0.089815 -0.227676 0.400686 0.382964 0.375296 -0.106488 0.483914 0.549528 -0.098948 -0.211384 0.335177 0.288212 -0.128788 -0.117525 -4.403403 0.151797 0.078185 0.302473 0.457588 0.165699 0.206300 0.320846 0.243569 0.203109
5 0.430909 0.312733 0.187574 0.297174 0.706075 0.145147 -0.320681 0.513816 0.621445 -0.073903 -0.499602 0.240071 0.477266 -0.064653 0.047085 -4.448365 0.235445 0.015011 0.371868 0.160194 0.124863 0.308392 0.024415 0.264563 -0.076841
5 0.377670 0.166460 0.156604 0.252792 0.983334 0.471476 0.165985 0.650826 0.626338 -0.101414 -0.759744 0.348705 0.349898 -0.250572 0.261145 -6.274889 0.720091 0.133489 0.333404 0.058606 0.084637 0.442216 0.148867 0.521287 0.132789
5 0.749196 0.140341 0.289797 0.183611 1.500699 0.434414 0.798637 0.876797 1.336882 -0.344267 -0.943664 0.427017 0.220231 0.240351 0.372850 -10.151669 0.788068 0.043807 0.729396 0.348800 -0.145251 0.686160 0.133698 1.161504 0.122596
24 0.208710 0.203597 -0.139874 0.071098 0.178365 0.350747 0.049290 0.074162 0.296670 -0.066174 0.148350 0.182504 0.188897 0.136277 0.049772 -3.401719 0.055090 0.313054 0.271469 0.012216 0.095381 0.193815 0.175077 0.429855 -0.076633
10 -0.243862 -0.193862 -0.047394 0.033585 -0.052932 0.218794 -0.060296 -0.190942 0.085020 0.582354 0.570010 0.204302 0.080107 0.106446 0.458597 -2.563801 -0.518736 0.549777 0.212616 0.124750 0.243193 0.251683 0.073612 -0.063034 0.140014
21 -0.296267 0.044123 0.001332 0.145003 -0.058349 0.051679 0.017198 -0.595221 -0.109266 0.213992 0.187015 0.096555 0.167593 -0.015463 0.283515 -1.508624 -0.842186 0.524684 0.083914 0.090051 0.702684 0.171529 0.154754 0.280552 0.209202
24 0.032664 0.095430 0.070111 0.025407 -0.077252 0.129557 0.038260 -0.154321 -0.074344 0.141946 -0.622933 0.321449 0.060160 0.168236 0.052646 -0.700607 -0.335908 0.168709 0.160886 0.245200 -0.019970 0.214771 -0.049428 0.323850 -0.214520
16 -0.323165 -0.175777 -0.325950 -0.217419 -0.590744 -0.617712 -0.913656 -0.499428 -0.359618 0.150257 0.165253 0.170075 -0.051575 0.501376 0.357689 5.458559 -1.026982 0.017020 0.160835 -0.045795 -0.370420 -0.251048 -0.276209 -0.463559 -0.472006
18 -0.033207 -0.088117 0.141277 -0.108480 0.032111 0.087381 -0.301696 -0.181511 -0.135431 0.171746 0.293118 -0.003406 0.251777 0.001220 0.250580 -1.565820 -0.534253 0.474020 0.222755 0.100518 0.320182 0.063012 0.056168 0.240782 0.245275
13 0.080257 -0.058626 -0.190323 0.111086 -0.235228 0.178891 0.085653 -0.023163 0.114670 0.029883 -0.066444 0.098768 0.309839 -0.049216 0.082067 -1.397525 -0.198863 0.282706 0.129402 0.115434 0.023589 0.235136 0.181932 0.180279 -0.020204
1 0.498896 0.145948 0.368406 0.394859 0.458783 0.322349 -0.414276 0.325887 0.160180 0.233576 0.205543 0.276053 0.465459 -0.078513 0.033553 -5.590757 0.157955 0.250117 0.249306 0.204429 0.291871 0.376551 0.099063 0.431807 0.132956
11 -0.354898 -0.546950 0.193285 -0.050716 -0.303692 -0.384503 -0.313073 -0.085751 -0.346674 0.406472 0.641473 0.133825 0.057065 0.280418 0.330530 0.149629 -0.583122 0.150385 0.125004 0.129913 0.290366 0.023507 -0.077334 -0.357115 0.491957
13 0.335229 0.064555 -0.188934 0.362363 0.060773 0.384958 0.081708 0.065454 0.038979 0.102239 0.131063 0.161582 0.510311 -0.128136 0.063321 -4.049797 -0.273823 0.328433 0.112536 0.367700 0.486480 0.063750 0.330422 0.290155 0.298679
12 0.068991 0.001459 0.001109 0.061847 -0.184196 -0.136976 -0.189549 -0.170603 -0.063059 0.300474 -0.062826 0.335056 0.284336 0.301852 0.000942 -0.251466 -0.579886 0.146952 0.109319 0.038475 -0.028215 0.219246 0.121674 -0.243755 -0.081200
18 0.138151 -0.069364 0.222972 0.366525 0.191334 0.395833 -0.271124 -0.002014 -0.102221 0.356085 0.319494 0.430044 0.291704 -0.212658 0.044302 -4.386523 -0.576269 0.743170 0.340740 0.206033 0.463008 -0.001630 0.218682 0.524504 0.369223
24 -0.140102 -0.204930 -0.157948 -0.160358 0.108733 0.219903 -0.098793 -0.114150 0.507536 0.273801 0.468402 0.219350 0.441587 0.460929 0.011215 -3.826159 -1.148570 0.654065 0.186915 -0.040343 0.672113 -0.012323 0.189182 0.826834 0.663113
16 -0.302704 -0.526013 -0.052105 -0.198665 -0.299419 -0.480432 -0.511689 -0.372576 -0.054115 0.405234 0.930507 0.234109 0.094239 0.320000 0.130002 1.239298 -0.701435 0.341910 -0.076969 0.151519 -0.305374 0.231740 0.070104 -0.241517 -0.025649
11 0.155941 -0.338188 0.097120 0.178317 0.058540 -0.173974 -0.520752 -0.159905 0.070028 0.521054 0.687791 0.286585 0.264459 0.044318 0.099648 -1.595169 -0.789107 0.422599 0.177179 0.007167 0.198468 -0.008620 -0.079525 -0.025766 0.421793
11 -0.146780 -0.355929 0.096893 0.147049 -0.460628 -0.479418 -0.211212 -0.515310 -0.092454 0.254605 0.956749 0.021379 0.096181 0.209694 0.396122 0.396837 -0.812565 0.296452 0.196310 0.044986 -0.323771 0.062154 -0.119882 -0.037422 0.379957
11 -0.409863 -0.638821 -0.052581 -0.052064 -0.400916 -0.684370 -0.085018 -0.514892 -0.007421 0.244881 1.569154 -0.154603 0.101083 0.357666 0.431645 1.233932 -0.762820 0.293187 -0.021635 -0.192481 0.002125 0.253527 -0.056376 -0.415319 -0.038020
11 -0.206900 -0.133754 0.439425 0.264645 0.006412 0.190045 -0.309592 0.011092 -0.153912 0.463318 0.980735 0.247180 0.306495 0.232802 0.155679 -3.886567 -0.347977 0.513796 0.184671 0.050081 0.058809 0.386560 0.276945 0.097728 0.172284
21 -0.787811 -0.262354 -0.103364 -0.180619 -0.312117 -0.273178 -0.526991 -0.810924 -0.253095 0.644144 0.514733 0.157155 0.108552 0.441273 0.976600 -0.724530 -1.812848 1.005422 0.323874 -0.113687 1.107083 0.090966 -0.233836 0.043227 0.982326
16 -0.187308 -0.398490 -0.208907 -0.169540 -0.178110 -0.560357 -0.203119 -0.259325 -0.247054 0.016214 0.801281 0.234053 -0.021931 0.071978 0.098212 2.699528 -0.487361 -0.053332 0.010198 -0.069855 -0.299235 -0.018396 -0.098165 -0.237966 -0.233012
11 -0.619457 -0.918450 0.038178 -0.517437 -0.532502 -0.547951 -0.561237 -0.161109 -0.174693 0.613606 2.132875 -0.113295 0.113567 0.249637 0.469626 1.654759 -1.814137 0.534013 0.285452 -0.315544 0.199495 -0.111375 -0.089939 -0.503279 0.689195
18 0.094265 0.025814 0.131551 0.102775 -0.019193 0.041986 -0.154485 -0.445205 -0.062767 0.170654 -0.085778 0.331327 0.133458 0.167393 0.395973 -1.874614 -0.467530 0.415641 0.170064 0.360937 0.127308 0.281002 -0.034978 0.015465 0.178937
18 -0.030990 -0.030181 0.299512 0.060392 0.278819 0.270022 -0.486744 0.101075 0.131773 0.080279 0.046690 0.254824 0.357226 0.290690 0.349934 -3.263817 -0.404046 0.371324 0.344368 0.136643 0.196081 0.230224 0.025520 0.305667 0.084714
16 0.005157 -0.025390 -0.615350 0.251599 -0.601689 -0.672820 -0.811281 -0.646779 -0.914761 0.605764 0.291798 0.034516 0.405231 0.033435 0.446482 2.301508 -0.895682 0.481600 0.085996 0.436311 0.523004 -0.106585 0.198055 -0.642685 -0.167433
6 -0.016990 -0.089145 -0.107202 0.161113 0.130952 0.435697 -0.314255 0.116836 0.134285 0.011838 -0.796831 0.279525 0.284624 0.060943 -0.052185 -1.041214 -0.532045 0.213235 0.317365 0.359952 0.223002 -0.146578 0.078038 0.348331 -0.059290
18 0.013086 0.247441 0.066355 -0.069705 0.141001 0.305950 -0.530985 -0.141472 0.113645 0.175500 -0.370303 0.398037 0.326294 0.156538 0.349818 -2.992669 -0.584251 0.554548 0.179862 0.058606 0.513731 0.188448 0.110683 0.344432 0.445411
3 0.082700 0.178789 0.452036 0.286930 0.033262 0.209966 -0.349069 0.217086 0.015094 0.147633 0.158570 0.123892 0.387273 -0.135888 -0.113104 -2.754108 -0.149334 0.361867 0.048901 0.053152 -0.005229 0.249165 0.170242 0.171951 0.158222
21 0.099839 0.011940 -0.166382 -0.052117 -0.278756 0.062038 -0.398196 -0.326379 0.054153 0.140897 -0.158196 0.246675 0.157259 -0.070831 0.232351 -0.884288 -0.522003 0.394174 -0.029573 0.337995 0.526971 0.098771 0.181793 0.164881 0.176983
22 0.240585 -0.091377 0.315236 0.288001 0.054694 0.237793 -0.368219 0.251265 0.075647 0.204612 -0.175746 0.248061 0.378083 0.173126 0.115996 -3.421057 -0.137993 0.307763 0.265992 -0.109406 0.059151 0.452891 0.145631 0.129509 0.359764
12 0.113892 0.041880 0.269234 0.347029 0.397469 0.269813 -0.147823 0.170107 0.336853 0.014185 -0.918988 0.688573 0.289940 0.353162 0.180343 -3.907618 -0.035642 0.236985 0.092907 0.424420 0.075489 0.415006 -0.082963 0.312580 0.063167
12 0.230109 -0.131005 -0.323028 0.186509 -0.330216 0.305542 -0.236272 0.153459 0.058673 0.012964 -0.702975 0.576042 0.317748 0.226517 -0.022410 -0.221035 -0.555519 0.181805 0.172662 0.401881 0.164503 -0.054541 -0.057807 -0.195231 -0.158374
17 0.403379 0.114372 0.128023 0.326846 0.294552 0.278856 -0.110924 0.395988 0.410448 -0.072846 -0.545173 0.249379 0.288791 0.036561 0.068810 -3.289292 0.457927 0.022523 0.112560 0.163477 0.015594 0.355498 -0.171926 0.128915 -0.062338
24 -0.074793 0.009708 -0.022908 -0.171716 0.062806 0.275955 -0.288456 0.167647 0.304827 -0.075992 -0.420628 0.226818 -0.023150 0.411604 0.131391 -1.919718 -0.322709 0.193954 0.262331 0.257682 -0.101013 0.266791 0.194338 0.553181 0.102052
20 0.060441 0.069453 -0.234071 0.213247 0.249370 0.121755 0.150200 0.050823 0.230140 -0.164828 -1.122623 0.438617 0.247180 -0.119134 -0.100528 -1.538722 0.232662 0.041445 0.155878 0.486211 -0.035321 0.219203 0.149737 0.330241 -0.131377
12 -0.091173 -0.037030 0.084054 0.172629 -0.034160 0.231801 -0.033425 -0.017382 -0.082090 0.108488 -0.084221 0.327810 0.232693 -0.064963 -0.207127 -1.646770 -0.170610 0.297100 0.195179 0.141154 0.248618 0.032574 0.173729 0.199051 0.024070
1 0.504389 -0.008482 0.040148 0.200387 0.363640 0.240556 -0.338222 0.131591 0.038035 0.103020 -0.346885 0.333406 0.291998 -0.065891 0.030917 -2.778995 0.308615 0.145272 0.149335 0.179144 0.126646 0.113795 0.068923 0.090504 0.078155
13 0.170681 0.109421 -0.058976 0.372212 0.341332 0.384807 -0.343686 0.238165 0.148641 0.046092 -0.466324 0.410051 0.492749 -0.339892 -0.195233 -3.249497 0.051298 0.271368 0.352529 0.186136 0.195797 0.322467 0.224040 0.243677 0.092145
8 0.464925 0.177061 0.228263 0.354358 0.465942 0.317422 -0.184145 0.602311 0.296814 0.253397 -0.765681 0.333198 0.402483 0.060258 0.016383 -4.150136 0.330128 0.099155 0.187789 0.366452 -0.150991 0.549078 -0.055396 -0.101180 -0.097887
13 0.135844 0.098400 -0.067425 0.142805 0.077487 0.315534 -0.161180 0.169445 -0.072720 0.087347 -0.565264 0.095290 0.338340 0.139183 -0.122376 -1.234617 -0.232597 0.176076 0.044620 0.228020 0.085332 0.117774 0.217213 -0.028471 0.015941
2 -0.018713 0.284343 -0.233600 0.111490 0.164483 -0.212219 0.005011 -0.112719 -0.232020 -0.033313 0.039515 0.247883 0.230542 -0.306390 0.040662 -0.981073 0.082678 0.212038 0.100287 0.280860 0.275330 0.213436 0.126823 -0.204476 -0.080860
4 -0.050939 -0.010495 0.161264 0.455678 0.234232 0.023887 -0.043331 0.318855 0.179139 0.260067 -0.122363 0.386760 0.330754 -0.481350 -0.200679 -3.543831 -0.122150 0.331097 0.108029 0.231201 0.261721 0.381736 0.267472 0.347575 0.295672
24 0.186618 0.107804 0.071745 -0.014066 0.373190 0.445668 -0.082239 0.220630 0.191928 0.008527 0.018745 0.610307 0.103115 -0.100395 0.096213 -3.367424 0.010623 0.074490 0.449072 0.367002 -0.118241 0.221770 -0.029589 0.622555 -0.468048
12 -0.323038 0.034342 -0.232138 -0.265377 -0.139473 -0.131832 -0.210056 -0.191141 -0.146802 0.398315 -0.156027 0.416281 0.220929 0.338518 0.253640 -0.498947 -0.708713 0.207995 0.095747 0.286695 0.366332 0.380294 -0.102956 0.073402 0.034010
12 0.032276 0.137864 0.303999 -0.060082 0.028509 0.097414 -0.099016 -0.044445 -0.071831 0.027802 -0.154755 0.595663 0.075030 0.198691 -0.097252 -0.565181 -0.305838 0.193410 0.101390 0.372449 -0.503846 0.117880 -0.058703 0.031806 -0.353237
16 -0.219433 -0.012276 -0.042228 -0.226431 -0.536041 -0.488747 -0.386972 -0.389689 -0.380694 0.157987 0.322171 0.494990 -0.027003 0.529063 0.244686 2.393084 -1.010088 0.302817 0.033069 0.218114 -0.455550 0.289255 -0.065423 -0.482004 -0.262656
20 0.086112 0.047526 -0.368499 0.140791 -0.164886 -0.136796 -0.111586 -0.015127 0.100824 -0.043808 -1.076322 0.553021 0.250431 0.180521 -0.119163 -0.505681 -0.418793 0.111314 0.296734 0.814037 -0.036084 0.039137 0.326645 0.071691 -0.022039
24 0.152694 0.301911 -0.331318 -0.154886 0.054001 0.220348 -0.299478 -0.180601 0.176858 0.052971 -0.131040 0.320903 0.150213 0.260991 0.547886 -2.995415 -0.328948 0.358670 0.419872 0.092497 0.375623 0.133375 0.257391 0.584513 -0.039032
16 -0.283435 -0.317970 -0.451685 -0.111943 -0.265203 -0.420232 -0.482164 -0.520336 -0.276549 0.091613 -0.853515 0.264853 0.235801 0.048551 0.141460 3.746123 -0.652231 -0.048077 0.380406 0.221696 0.167774 -0.056827 -0.271407 -0.158893 -0.127812
16 -0.126701 -0.315902 -0.477351 -0.151793 -0.221720 -0.130179 -0.086791 -0.330237 0.022883 0.068117 -0.121281 0.084327 -0.023357 0.197372 0.308641 1.603163 -0.781783 0.152708 0.072897 0.043444 0.119276 -0.091930 0.070215 -0.018608 0.134590
18 -0.322002 0.019887 0.002003 0.252810 -0.225874 0.165658 -0.019196 -0.078783 0.018800 0.143197 -0.474040 0.342254 0.048641 0.279369 0.179586 -1.563986 -0.526376 0.399904 0.214662 0.175059 0.287314 0.305204 -0.043021 0.379120 0.039812
14 -0.155644 -0.162251 0.136010 0.130132 -0.239218 -0.252485 -0.762692 -0.141029 -0.294207 0.319081 0.308887 0.164146 0.150049 0.606800 0.387759 0.506956 -0.815099 0.195908 -0.004611 -0.147908 -0.251611 0.152572 -0.107729 0.195762 0.080423
18 -0.062070 -0.032592 -0.047749 -0.005107 -0.277171 0.007063 -0.023018 -0.343083 -0.181870 0.227407 0.192478 0.271522 0.227980 -0.016419 0.152035 -0.786497 -0.404357 0.367553 0.073739 0.292358 -0.401301 0.344327 0.113486 0.201244 0.110044
6 0.040968 0.212649 0.159211 0.206151 0.327766 0.401727 0.120403 0.266567 -0.091744 -0.004924 -0.442112 0.310726 0.350855 0.043033 -0.087339 -2.601634 -0.064453 0.270205 0.058797 0.187368 0.029222 0.142827 0.276997 0.075503 -0.188769
16 -0.495504 0.011977 -0.749054 -0.298166 -0.147730 -0.272303 0.228662 -0.228316 0.399512 -0.761715 -1.569012 0.143622 -0.132287 0.337460 0.227046 4.140121 -0.829760 -0.134271 0.452246 0.307213 -0.011938 -0.176193 -0.472561 0.393559 -0.362607
11 -0.102454 -0.132902 -0.095663 0.093366 -0.187136 -0.245633 0.128377 -0.308606 -0.153104 0.125272 0.577746 0.115875 -0.064704 0.162277 0.426234 -0.333690 -0.276133 0.324598 0.218704 0.083363 -0.045012 0.259548 0.196264 -0.501084 -0.265501
12 -0.034616 0.375515 -0.201670 0.148399 0.250520 0.246906 0.094387 0.120042 0.204541 -0.028270 -0.772053 0.504225 0.197938 0.024697 -0.015796 -2.912177 0.041233 0.142201 0.177962 0.319425 0.227301 0.369081 0.183591 0.463583 -0.126966
11 -0.358309 -0.255451 -0.034235 -0.306209 -0.146993 -0.187879 0.177117 -0.205929 0.064606 -0.010976 0.521925 0.151831 -0.099570 0.450430 0.164126 -0.209239 -0.497998 0.293266 0.038472 -0.063862 -0.270379 0.151248 0.218077 0.202481 0.213449
19 -0.134491 0.161086 -0.132640 0.079886 0.187982 -0.034728 0.303421 -0.030979 0.171593 0.098404 -0.363231 0.155219 0.090823 0.005457 0.192737 -1.904222 -0.121066 0.150412 0.397092 0.282101 0.349729 0.139237 -0.002252 0.157666 -0.199238
14 -0.141773 -0.171457 -0.284753 0.234970 0.008264 0.171630 -0.227172 0.024179 0.019518 0.088338 -0.609747 0.409539 0.076685 0.473962 0.170356 0.431499 -0.391931 0.024994 0.100257 0.208540 -0.377946 -0.033114 -0.024091 0.245512 -0.426258
24 0.123096 0.150299 -0.359815 -0.278549 0.468354 0.171314 0.610546 0.022117 0.405800 0.123189 0.212096 0.317072 0.030440 0.241898 0.116077 -5.004029 -0.114516 0.393759 0.285169 0.091174 0.155700 0.401253 0.399042 0.792645 0.245871
24 -0.131782 0.119016 -0.367085 -0.384482 -0.112647 0.116947 -0.056417 -0.486491 0.331681 0.180897 -0.379572 0.195984 0.128998 0.175801 0.189082 -0.652300 -1.092810 0.343940 0.162872 0.177870 0.226899 0.076283 0.137220 0.839900 0.260195
16 0.092676 0.232210 -0.410899 0.180941 -0.193811 -0.086360 -0.039689 -0.328987 -0.093949 -0.151514 -0.543859 0.059951 -0.040298 0.059188 0.159106 0.937717 0.132268 -0.057699 0.205484 0.337791 -0.251229 0.054696 -0.074921 -0.102493 -0.076317
16 -0.396395 0.239099 -0.292343 -0.256071 -0.488827 -0.118894 -0.014845 -0.551997 0.015127 -0.165023 -0.218325 0.102744 -0.316812 0.201985 0.595347 2.525179 -1.277008 0.396026 0.182022 -0.091975 0.187831 -0.139129 -0.426381 0.281392 0.027272
16 -0.291070 -0.264583 -0.559420 -0.735974 -0.528969 -0.842419 -1.150282 -1.123089 -0.074458 0.101307 -0.955531 0.250918 -0.053733 0.818099 0.400483 6.835358 -1.754827 0.146179 0.191379 -0.052795 0.464649 -0.216390 -0.577385 -0.191681 0.164236
12 -0.128783 -0.141271 0.055153 0.228258 -0.094603 0.029842 -0.827191 -0.202630 -0.277420 0.358744 0.278653 0.423971 0.102304 0.403635 0.038997 -0.492926 -0.368280 0.252056 0.177111 0.355912 -0.206057 0.114777 0.139752 -0.132976 -0.087030
16 -0.870474 -0.472152 -0.936511 -1.043410 -0.628187 -1.104100 -0.397018 -1.146843 -0.198916 -0.021194 -0.525915 -0.159339 -0.432520 0.514625 0.744950 11.114710 -1.745154 -0.380104 -0.258165 -0.354859 -0.300465 -0.330849 -0.887888 0.102011 -0.282231
16 0.117013 0.423491 -0.356672 -0.049165 -0.234485 -0.592744 -0.375085 -0.528284 -0.393166 0.158877 0.515151 -0.019298 0.192608 -0.225827 0.223333 1.393149 -0.426835 0.173865 0.102825 0.274046 0.165908 0.165103 -0.134482 -0.405052 -0.164272
16 -0.337228 -0.238990 -0.187049 -0.336402 -0.721109 -0.614825 -1.085635 -0.545319 -0.417446 0.580577 0.727632 0.449409 0.068208 0.473022 0.633549 2.070703 -1.253722 0.341458 0.220073 0.049369 0.326740 0.319713 -0.305563 -0.361862 0.144698
16 -0.437011 -0.503862 -0.607090 -0.802862 -0.805029 -1.121870 -1.429295 -1.038881 -0.354390 0.242713 0.784949 0.249949 -0.047401 0.803314 0.485877 6.800515 -1.615944 0.035985 0.210559 0.195063 -0.075061 -0.202649 -0.387118 -0.210207 -0.170254
16 -0.567684 -0.013910 -0.408710 -0.259445 -0.493037 -0.521674 -0.266966 -0.709812 -0.061887 0.000863 0.358377 0.224336 -0.123862 -0.093849 0.089404 4.220892 -0.727966 -0.188095 0.155077 0.041731 0.171729 -0.194223 -0.273472 -0.207954 -0.149865
16 0.280111 0.187755 -0.603148 -0.031596 -0.167867 -0.078403 -0.671099 -0.136912 0.025138 0.131842 -2.630501 0.501348 0.174986 0.150727 0.225558 4.055142 -1.010034 -0.003684 0.068087 0.173429 0.123167 -0.006690 -0.370153 -0.246261 -0.140941
5 0.144167 0.274577 0.276138 0.142573 0.390238 0.293085 0.116895 0.188983 0.140397 0.000241 -0.233283 0.191490 0.143022 -0.175159 -0.084052 -2.824638 0.365434 0.218834 0.083750 0.104893 -0.074672 0.252176 0.068852 0.011151 -0.015093
1 0.376352 0.218408 0.147743 0.117494 0.354728 0.081070 -0.134986 0.275997 0.160543 0.105355 -0.094417 0.176944 0.241707 -0.055757 0.098137 -3.144520 0.336397 0.151159 0.079817 0.006627 0.180248 0.183090 0.061595 0.095015 -0.018745
8 0.330681 0.034910 0.054490 0.166691 0.392520 0.203246 -0.126810 0.398592 0.344846 -0.260518 -0.605102 0.263643 0.197249 0.073468 -0.019634 -2.248900 0.390618 0.033320 0.120249 0.181459 -0.031602 0.205861 -0.214315 0.146347 -0.031309
8 0.269206 0.122383 -0.038071 0.297861 0.180282 0.090366 -0.260531 0.445132 -0.011660 -0.040931 -0.341988 0.253232 0.202740 -0.029119 -0.075802 -1.881160 0.116411 0.161108 0.074811 0.228120 0.028910 0.221298 0.148116 -0.124796 -0.035917
8 0.516179 0.167467 -0.035371 0.468354 0.452792 0.200486 -0.086697 0.547460 0.224638 -0.143294 -0.812398 0.272355 0.309785 -0.100085 -0.092186 -4.349616 0.351328 0.181938 0.320317 0.381144 0.208171 0.485016 0.240326 0.311029 -0.019138
13 0.164157 0.101312 0.197475 0.298174 0.223971 0.276327 -0.108290 0.255950 0.001763 0.089353 -0.568839 0.152682 0.387041 -0.114876 0.042711 -2.665225 0.032758 0.136845 0.102112 0.211982 0.191781 0.195113 -0.013915 0.207488 0.202148
1 0.596718 0.307840 0.123705 0.402488 0.527642 0.460934 -0.117055 0.521929 0.275876 0.065941 -0.650890 0.262924 0.399182 -0.064584 0.059417 -5.316793 0.285133 0.173134 0.221619 0.272171 -0.090035 0.522048 0.121392 0.557786 0.081482
8 0.304834 0.058035 -0.018543 0.237208 0.211851 0.198522 -0.037314 0.355047 0.156832 0.012842 -0.174207 0.145297 0.285911 -0.102363 -0.054639 -3.059476 0.338486 0.152521 0.105335 0.167749 0.021017 0.311367 0.056071 0.190449 0.137168
9 0.393840 0.172973 -0.115340 0.213802 0.264762 0.003054 0.027594 0.302919 0.422684 -0.338146 -0.685323 0.132305 0.159753 0.031467 0.062192 -1.933623 0.383232 -0.020029 0.057133 0.270909 -0.075905 0.271842 -0.089128 0.136500 -0.049468
17 0.205788 -0.018237 -0.047598 0.197981 0.313822 0.030283 0.024947 0.105217 0.233983 -0.081576 -0.259299 0.154287 0.095750 0.042235 0.080145 -2.087114 0.447568 0.044811 0.081689 0.101992 -0.160649 0.193279 0.107773 0.042601 0.150322
18 -0.312049 -0.180036 -0.034135 0.207966 -0.165658 0.112899 -0.162910 0.011526 0.067930 0.178597 -0.030427 0.354950 0.220261 0.093119 0.078670 -2.223261 -0.146272 0.504122 0.284324 0.184643 0.051390 0.292713 0.281793 0.250956 0.078889
12 -0.107819 0.083828 0.160705 0.104359 0.134588 0.382598 0.096627 -0.124939 0.002068 -0.024331 -0.355758 0.404616 0.037989 0.108676 -0.013688 -2.048807 0.028926 0.363502 0.066960 -0.041288 -0.096334 0.220652 0.188322 0.378332 0.050215
13 0.199851 -0.006341 -0.419304 0.153956 -0.059472 -0.008221 -0.102755 0.053841 0.031642 0.050081 0.319135 -0.028482 0.452721 -0.217062 -0.084384 -1.385699 -0.096453 0.269096 0.100798 0.114115 0.203325 0.215888 0.263499 0.078212 -0.097987
23 0.287123 0.041024 -0.131751 0.075948 0.045035 0.434927 -0.015134 0.126689 0.046625 -0.050150 -0.219725 0.355575 0.267957 -0.163717 -0.040712 -3.369088 -0.001838 0.418602 0.113599 0.366495 0.193128 0.148351 0.483962 0.342826 0.244250
21 0.269032 0.154945 -0.145745 0.240452 0.215782 0.106718 -0.273115 -0.039259 -0.080492 -0.051756 -0.370317 0.207136 0.136918 0.098434 0.173712 -2.296242 -0.158044 0.192283 0.157902 0.274040 0.428200 0.120663 0.309091 0.182092 0.147571
22 -0.119022 -0.110574 0.177396 0.238583 -0.155821 -0.080110 -0.089179 -0.007896 -0.165417 0.239306 0.336762 -0.058956 0.222167 0.194667 -0.145334 -0.143887 -0.473246 0.169314 -0.089383 -0.022016 -0.406935 0.347287 0.220979 0.005217 -0.083904
6 -0.055978 0.193941 -0.030932 0.140282 0.089654 0.373831 0.118469 0.257023 -0.080154 0.028380 0.073048 0.150039 0.273610 -0.208245 -0.052355 -2.242622 0.171661 0.334056 0.054076 0.048062 -0.115559 0.235220 0.182788 0.085537 -0.023832
14 0.230672 0.036509 -0.040829 -0.108009 -0.092781 0.092289 -0.138242 0.030105 0.013546 0.192813 0.211472 0.296949 0.115892 0.563473 0.291315 -2.640385 -0.196388 0.262956 0.201981 0.109192 -0.113344 0.431839 0.172339 0.180599 -0.103963
18 0.157970 0.166055 0.203499 0.157581 0.146745 0.086628 -0.010778 -0.221113 -0.022366 0.106280 0.355389 0.147298 0.251730 -0.080091 -0.169271 -2.552279 -0.373211 0.395551 0.065951 0.090295 0.192860 0.274706 0.285489 0.149579 0.195504
23 0.010756 0.232784 -0.386598 0.024291 -0.031585 0.037664 -0.211747 -0.217436 -0.105619 0.008010 -0.898140 0.240220 0.034171 0.120050 -0.054687 0.235759 -0.536672 0.232716 0.278396 0.342476 0.218395 -0.143689 0.475602 0.212560 -0.117674
16 -0.118591 -0.019716 -0.236268 0.080787 -0.329122 -0.093011 -0.010595 -0.165973 -0.049584 0.126175 -0.124605 0.071729 -0.001754 -0.136612 0.092599 0.967716 -0.192872 0.156851 0.215391 0.077464 -0.198266 -0.130657 -0.012547 0.003344 0.028116
9 0.061473 0.215030 -0.201043 0.180050 0.533584 0.231749 0.427924 0.530270 0.712055 -0.259185 -0.831301 0.270480 0.094532 0.015890 -0.181475 -3.738408 0.073880 0.247314 0.265627 0.434776 0.028047 0.229767 0.023773 0.348774 0.286418
16 0.000630 0.158546 -0.649834 0.013322 -0.136150 -0.093871 -0.054864 -0.388506 -0.131848 -0.029096 -0.266355 0.235261 0.193739 -0.095842 0.188594 1.274109 -0.606549 0.213087 -0.078088 0.100062 0.228165 -0.128660 0.204948 0.078886 -0.229686
21 -0.154685 0.025128 -0.228774 -0.066883 0.253019 -0.014096 -0.206857 -0.027901 0.027181 0.141233 0.015544 0.322283 0.228711 0.075157 0.336260 -1.800982 -0.348037 0.191202 -0.017481 0.072258 0.337543 0.202272 0.219204 0.304252 0.114448
13 0.006626 -0.050116 0.237646 0.321298 0.063449 0.185066 -0.425682 0.305874 0.126027 0.120199 -0.059118 0.378461 0.412352 0.061641 -0.012555 -2.930404 -0.271652 0.332471 0.248667 0.095685 0.018319 0.366434 0.246352 -0.030110 0.253067
8 0.054330 0.238366 -0.196077 0.300720 0.331533 0.371324 0.159355 0.436741 0.328088 -0.353478 -0.791699 0.288320 0.291947 0.068828 -0.097732 -3.030444 0.222694 0.167831 0.361539 0.164121 0.077938 0.323945 0.191289 0.142205 -0.051684
16 -0.294727 0.005924 0.002530 0.029502 -0.119302 0.014421 -0.209999 -0.142959 -0.051056 0.035119 -1.295260 0.344857 0.150545 0.158464 0.177911 1.994406 -0.500535 0.057346 0.038606 0.171139 0.033157 -0.107517 -0.499783 0.127196 -0.119984
5 0.185498 -0.012480 -0.120348 0.055415 0.351450 0.168580 0.219096 -0.023645 0.266911 0.165744 -0.145472 0.288984 0.130322 0.117570 0.056155 -2.966249 0.191676 0.191391 0.294757 0.202303 -0.059484 0.162891 0.229131 0.097446 -0.047642
24 0.006576 0.067190 -0.053527 0.014328 -0.027602 -0.046176 0.002898 -0.266669 0.025134 0.033623 -0.219280 0.091937 -0.037086 0.102815 0.067336 -0.143880 -0.128186 0.088058 0.026011 0.159941 0.057127 0.111572 0.000649 0.204938 -0.137725
22 0.083071 0.138860 0.112494 0.230350 0.110794 0.312472 -0.145083 0.211576 0.289048 0.178685 0.181614 0.163853 0.205773 0.066112 0.224243 -3.797534 -0.042299 0.320899 0.193487 0.136119 -0.091792 0.419795 0.158987 0.202577 0.135901
21 0.093554 0.076009 -0.220892 0.168590 -0.095437 0.092445 0.087989 -0.047458 -0.135084 -0.057170 -0.273668 0.042017 0.124068 -0.114714 -0.045986 -0.017428 -0.216697 0.200349 0.164800 0.075459 0.219733 0.009482 0.001895 -0.070624 -0.061232
16 0.109130 0.266138 -0.413746 0.071037 0.031976 -0.238379 0.010776 -0.267074 -0.172161 -0.321600 -0.432670 0.050475 0.090981 -0.210440 0.032818 1.093077 -0.004162 0.090292 -0.104515 0.208523 0.223854 0.038039 0.091354 -0.108768 -0.134954
16 0.003569 0.128055 -0.551282 0.162737 -0.036306 -0.198876 0.299069 -0.136970 -0.191891 -0.196898 -0.514777 0.182504 0.108317 -0.296908 0.153390 0.515996 -0.046391 0.057929 0.133611 0.466519 0.212496 0.055721 -0.011808 -0.168852 -0.128954
2 0.109054 0.380306 -0.355264 0.230442 0.126736 -0.150268 -0.031919 -0.265339 -0.183755 0.005503 -0.305648 0.180419 0.304528 -0.120099 0.043356 -1.319861 0.024564 0.186340 0.368035 0.238996 -0.032523 0.312356 0.034065 0.172420 0.047557
15 0.263129 0.377592 -0.422723 -0.196719 -0.019225 0.141037 -0.194619 -0.331660 0.012644 -0.043321 -0.689677 0.302101 0.153495 0.305189 0.398247 -1.208809 -0.366159 0.152580 0.123768 0.391612 0.316719 0.196170 0.100112 0.221601 0.016918
20 0.164965 0.076157 -0.059942 0.105128 0.041027 -0.025863 -0.246196 -0.177780 -0.034215 -0.142119 -0.178999 0.082063 0.147760 -0.199807 0.138759 0.134100 0.114063 -0.025494 0.094647 0.187053 0.078958 0.027274 -0.116647 0.073517 -0.258408
21 0.024442 0.153229 -0.249174 0.359466 0.068930 0.130380 -0.038156 -0.031990 -0.169966 0.081900 -0.407833 0.212814 0.283918 -0.163343 -0.075703 -2.030619 -0.157193 0.348479 0.080597 0.212902 0.463691 0.124995 0.404709 0.323680 0.049847
7 0.280184 0.010533 -0.123983 0.153472 0.351640 0.335911 0.450164 0.269842 0.332177 -0.256861 -0.800240 0.204384 0.231721 0.132631 0.073471 -2.679347 -0.340778 -0.004966 0.241923 0.424374 0.094469 0.037619 -0.015433 0.396721 0.200373
8 0.057120 0.351272 0.039322 0.309637 0.351978 0.415438 -0.213310 0.439656 0.184904 0.143880 -0.301205 0.360197 0.192329 -0.301522 0.071498 -3.631680 -0.184382 0.328449 0.285119 0.375821 0.151758 0.250363 0.108802 0.159481 0.055076
23 0.196495 0.312304 -0.177223 0.159802 0.086949 0.163312 -0.043770 0.138802 -0.101192 0.042175 -0.282175 0.041477 0.195770 -0.171654 0.081824 -2.097723 -0.037554 0.145929 0.130160 0.195788 0.240201 0.172016 0.338911 0.193030 0.076343
21 0.236733 0.248006 -0.717537 -0.134855 -0.239032 0.130577 -0.624754 -0.300013 -0.184046 -0.112327 -0.340792 0.250592 0.086134 0.106326 0.391279 0.301440 -0.592638 0.385177 0.051582 0.140584 0.766952 0.012942 0.009005 0.202555 -0.073888
16 -0.184160 0.094854 -0.363921 -0.379011 -0.250223 -0.339640 -0.069018 -0.416971 -0.191810 -0.003768 -0.843079 0.273889 -0.151775 0.148707 0.186206 2.857281 -0.738871 0.200328 0.108712 0.044160 0.308073 -0.117290 -0.268812 0.175771 -0.079632
16 -0.098791 0.365095 -0.654036 -0.222222 -0.119656 -0.244866 -0.016891 -0.430724 -0.104695 0.067016 -0.726002 0.071288 -0.038749 -0.150144 0.313719 2.008101 -0.639307 0.053754 0.153526 0.134595 0.568643 -0.036275 -0.096836 0.005672 -0.162215
21 0.205565 0.048424 -0.568711 0.089481 -0.144330 0.240685 -0.155093 -0.141237 -0.044421 0.112446 -0.663930 0.369711 0.299726 0.264452 -0.097896 -1.549121 -0.540566 0.314788 0.166634 0.275381 0.614263 -0.095646 0.522146 0.329730 0.147520
21 0.370155 0.974795 -0.365209 -0.096476 -0.036922 -0.058651 0.235058 -0.484673 -0.441600 0.134585 -0.995438 0.040652 -0.010466 -0.133877 0.548093 -1.588765 -0.468569 0.328276 0.087926 0.339366 1.090414 0.219469 0.142811 0.265877 -0.096831
21 0.077167 -0.076327 -0.305819 0.103724 0.168418 0.042427 0.043298 0.182452 0.179028 -0.094312 -0.418107 0.253686 0.432832 -0.043343 0.082777 -2.906045 -0.164930 0.273580 0.325506 0.254160 0.534558 0.041195 0.311962 0.277101 0.425013
24 -0.052262 0.260529 0.149758 -0.365176 0.352966 0.091985 -0.344826 -0.410570 0.221453 0.352327 -0.386776 0.417376 0.053107 0.704486 0.596273 -3.855736 -0.821604 0.326852 0.447084 0.138015 0.451457 0.346313 0.058290 0.885939 0.382740
16 -0.250044 0.060482 -0.383624 -0.237756 -0.146640 -0.105289 0.048265 -0.215544 -0.084322 -0.033074 -0.000235 0.170334 0.056588 -0.096517 0.101624 0.885847 -0.556883 0.197329 0.117313 -0.017666 0.026810 -0.006902 0.215657 0.138207 0.116040
21 -0.285317 0.299458 -0.376053 -0.084441 -0.286567 -0.110383 0.107139 -0.290129 0.056636 0.347942 -0.171392 0.149649 0.260358 0.159591 0.419381 -1.087149 -0.585018 0.329895 -0.005822 -0.045568 0.485295 0.155453 0.105853 0.078896 0.372291
21 -0.165906 0.083544 -0.230487 0.157527 -0.364264 -0.289591 -0.437575 -0.566369 -0.433688 0.427789 -0.079531 0.317294 0.166198 -0.044478 0.274888 -0.632078 -0.471548 0.631999 0.383624 0.110579 0.677376 0.016840 0.109544 -0.030105 0.388417
8 0.120774 0.250899 0.189076 0.080712 0.311932 0.206868 -0.120779 0.442435 0.144928 -0.041427 -0.262704 0.294079 0.180546 0.052113 0.230264 -2.930861 -0.059021 0.010220 0.230108 0.176184 -0.096896 0.280876 -0.012293 0.389456 -0.067490
22 -0.036219 0.245243 0.245095 0.048280 0.306564 0.337782 0.457973 -0.042235 0.222779 0.086640 -0.580348 0.269008 0.295675 0.241750 0.042863 -3.733357 0.069656 0.258008 0.088191 0.172332 -0.113754 0.468706 0.085632 0.461055 0.102681
5 0.303806 0.040853 -0.035765 0.221958 0.649970 0.300306 0.243599 0.595171 0.510689 -0.267311 -0.516143 0.268810 0.163725 -0.032077 -0.105700 -4.137289 0.323758 0.012826 0.294476 0.279728 0.006116 0.282207 0.171521 0.144031 0.280733
2 0.045942 0.358540 -0.039690 0.169054 0.323805 0.107770 0.199404 0.093403 0.163956 0.068470 -0.478741 0.186060 0.322097 -0.023788 0.078094 -1.878304 0.214916 0.095626 0.073036 0.227080 -0.269950 0.322102 -0.144121 -0.084925 -0.129838
22 0.241078 0.039232 0.201530 0.283247 0.214827 0.299488 0.058162 0.412791 0.249118 -0.067180 0.061005 0.187245 0.177502 -0.034820 -0.201960 -3.391819 0.055225 0.276407 0.219101 0.136053 -0.212882 0.417673 0.199786 0.127995 0.051195
22 0.191378 0.202898 -0.010351 0.078309 0.034375 0.214855 -0.098143 0.157525 0.071566 0.024866 -0.345191 0.112028 0.189094 0.156273 0.064447 -1.667936 0.133523 0.017711 0.086511 0.109832 -0.129135 0.326153 0.043970 -0.027860 0.063306
13 0.302409 0.242045 -0.040667 0.295217 0.317566 0.261697 -0.146105 0.408009 0.152221 0.031768 -0.309353 0.189394 0.435573 -0.103714 0.021496 -4.088274 0.432941 0.276159 0.230729 0.226563 0.269221 0.226568 -0.008420 0.312182 0.064778
24 0.133330 0.078344 0.009352 0.168652 0.156333 0.115731 -0.111838 0.233741 0.230958 0.049014 0.200700 0.196740 0.044699 -0.033322 0.130729 -2.702761 0.120679 0.093332 0.153238 0.108738 0.079617 0.227556 0.144463 0.354853 -0.182878
20 -0.153653 0.237481 0.180674 0.007207 0.134112 0.044343 -0.066145 -0.220642 -0.055564 0.186061 -0.299596 0.263744 -0.001998 -0.038641 0.138290 -1.556829 -0.315375 0.272583 0.116736 0.444121 0.095988 0.266935 0.011825 0.225949 0.082395
22 0.173120 0.225247 0.033809 0.040885 0.051322 -0.013211 -0.002440 0.005614 0.010949 0.037454 -0.233834 0.279255 0.098144 -0.036333 0.041201 -1.856057 0.105753 0.084497 0.078306 0.248351 -0.180025 0.383780 0.220527 0.143522 0.060163
24 -0.050436 -0.024145 -0.290276 -0.200156 -0.001538 0.115304 0.175864 -0.184356 0.198478 0.055975 -0.168453 0.247575 0.135210 0.061858 0.236503 -1.115338 -0.376099 0.238153 0.115226 0.156543 0.311758 0.088034 -0.104034 0.486410 -0.108056
13 0.338924 0.184351 -0.091809 0.173657 0.277564 0.372188 -0.209965 0.232613 0.041280 0.216189 -0.424647 0.381308 0.654199 0.119676 -0.130281 -4.765776 -0.033288 0.288212 0.278248 0.392899 0.316652 0.263281 0.306127 0.412480 0.405921
20 0.200007 0.077213 -0.271531 0.105784 0.088279 0.258256 -0.190666 -0.000383 -0.070662 0.086004 -0.220234 0.316001 0.283860 0.093855 0.162917 -2.226342 -0.376828 0.382552 0.143367 0.478306 0.093115 -0.018615 0.385879 0.363094 -0.143226
7 0.056116 0.052634 -0.142967 0.074366 0.321236 0.152132 0.488499 0.085786 0.125074 0.010181 -0.358884 0.192972 0.278304 0.113309 0.260257 -3.277732 -0.195633 0.193741 0.310168 0.384736 0.162946 0.276666 0.159431 0.122503 0.154159
18 -0.049504 -0.423395 0.036293 0.350798 -0.044668 0.123469 -0.503959 0.028316 -0.084016 0.172670 0.462706 0.347045 0.168979 0.367030 0.159750 -2.505572 -0.568450 0.555629 0.273975 0.208197 0.111714 0.233617 0.420349 0.011531 0.147498
18 -0.076322 0.350083 -0.275787 0.166212 0.165221 -0.084879 0.230923 -0.251579 -0.284467 0.131702 -0.001141 0.187925 0.287242 -0.080287 0.117220 -1.996063 -0.142718 0.385376 0.199526 0.226042 0.142932 0.024036 0.196416 0.253433 0.128951
16 -0.127117 -0.104153 -0.263310 0.050537 -0.082119 -0.357880 -0.157250 -0.472228 -0.090419 0.047232 -0.038496 0.084893 0.048117 0.022208 0.287041 1.646980 -0.404143 0.009363 0.049497 0.122107 -0.143985 -0.010541 -0.090871 0.272967 -0.298430
5 0.160911 0.063650 0.228593 0.119371 0.416017 -0.016206 -0.092634 0.034092 0.393400 0.012199 0.122519 0.188630 0.197869 -0.087321 0.122885 -3.091522 -0.404137 0.208361 0.153124 0.247650 0.215985 0.238660 0.024491 0.330730 0.212683
23 0.058815 0.139008 -0.210798 0.179415 0.137953 0.119982 0.199419 -0.138415 -0.021492 0.040285 -0.208025 0.012728 0.096298 0.106667 0.039787 -2.004300 -0.310759 0.357688 0.088900 0.304897 0.356472 0.043839 0.449329 0.067200 0.095106
20 0.169225 -0.022357 0.043431 0.308575 0.210381 0.055995 0.319248 0.024084 0.174476 -0.070075 0.066105 0.246397 0.172587 -0.094405 -0.159306 -2.375357 0.044402 0.054625 0.085094 0.369327 -0.003084 0.213139 0.114492 0.244867 -0.191867
24 0.496233 0.342683 -0.055879 -0.129730 0.387374 0.401238 0.261073 0.221645 0.248152 -0.055190 -0.209278 0.180878 0.260012 0.213095 0.163057 -4.921399 0.122277 0.361824 0.269742 0.121189 -0.020986 0.305326 0.302628 0.719847 0.014188
9 0.011481 -0.041730 -0.019416 0.095823 0.180727 0.211583 0.020151 0.056609 0.295317 -0.155311 -0.582169 0.138553 0.151562 0.204071 -0.072365 -1.376472 -0.142628 0.209624 0.271678 0.047386 0.060496 0.022331 0.020336 0.182015 0.210350
5 0.359007 0.137156 0.236568 0.058165 0.465081 0.208132 0.018307 0.256601 0.250012 -0.081873 -0.327601 0.211964 0.120748 0.193906 0.032124 -3.534360 0.250957 0.230061 0.106715 0.077218 -0.026156 0.267298 0.105135 0.291429 0.093405
24 0.217542 0.251880 -0.196528 -0.159685 0.749561 0.569120 0.647075 0.523792 0.610271 -0.212152 -0.729283 0.438047 0.152260 0.211357 0.310576 -5.717321 0.244329 0.183269 0.527497 0.208346 -0.020683 0.295789 0.101190 0.849087 -0.055339
24 0.230038 0.141338 0.267545 0.250528 0.287844 0.308804 -0.110169 0.092595 0.142091 0.083885 -0.159347 0.159766 0.325465 -0.008952 -0.022863 -3.567545 0.023598 0.276840 0.137498 0.160473 0.114357 0.221206 0.131015 0.384262 0.129729
7 0.081245 0.318149 -0.125814 0.052944 0.146703 0.253016 0.748593 0.022109 0.147390 -0.189474 -0.192800 0.072052 0.049750 0.096949 0.208428 -2.658427 -0.038208 0.077182 0.137456 0.184151 0.062869 0.057259 0.039422 0.394834 0.054220
5 0.283316 0.122750 0.253488 0.203017 0.337278 -0.027239 -0.300520 -0.159865 0.085309 0.042708 -0.115951 0.154662 0.077740 0.002394 -0.087270 -1.628673 -0.183243 0.207866 0.147195 0.028726 0.019825 0.159487 0.171762 0.013518 0.191719
12 0.221659 0.125296 -0.069079 0.019711 0.415512 0.415196 -0.308220 0.045732 0.351428 0.064294 -0.258534 0.550833 0.477186 -0.072562 0.196317 -4.526827 -0.003244 0.222357 0.211620 0.204902 0.278345 0.286172 0.355637 0.513365 0.282904
24 0.198034 0.283161 0.198398 0.244306 0.860771 0.678086 0.476685 0.788357 0.814906 -0.049180 -0.501623 0.352963 0.396370 0.061412 0.245176 -8.031926 0.559711 0.184386 0.338543 -0.031949 0.100398 0.550047 0.187818 0.990240 0.104908
24 0.225077 0.348877 0.180223 0.125976 0.500180 0.383371 0.290580 0.401325 0.231948 0.297410 -0.268911 0.407394 0.387653 -0.017854 0.169080 -5.861278 0.290266 0.319111 0.222248 0.032109 0.109981 0.511030 0.214035 0.525719 -0.025550
18 -0.022382 0.058426 0.022695 0.213576 0.246435 0.323129 0.103795 0.183299 -0.073359 0.051548 0.088845 0.291853 0.281124 -0.083707 -0.132661 -2.463285 -0.288544 0.444684 0.166450 0.140596 -0.183867 0.104077 0.278014 0.108174 0.141087
25 0.016027 -0.150841 -0.108176 -0.150349 -0.092950 -0.279913 -0.338977 -0.237346 -0.179473 0.238396 0.012458 0.316676 0.387741 -0.014684 0.121639 -0.573105 -0.361985 0.446798 -0.081018 0.214933 0.408967 0.137462 0.019435 -0.254998 0.503283
21 -0.313299 0.133728 -0.497530 -0.109388 -0.222829 0.016344 0.298916 -0.338490 0.187793 0.150768 0.234997 0.104635 0.016526 -0.074416 0.107496 -1.341715 -0.783853 0.578450 0.032470 -0.061473 0.882370 -0.072827 0.075869 0.294226 0.701232
12 0.147793 -0.085430 0.246660 0.068843 0.023279 0.155856 -0.145007 -0.232998 0.181651 0.090330 0.238260 0.362140 0.116795 0.269069 -0.025471 -2.022890 -0.382697 0.330209 -0.013592 0.048606 -0.028707 0.103068 0.163825 0.189596 0.200809
24 -0.120400 0.117673 -0.114359 0.024820 0.373292 0.452261 0.323229 0.137998 0.376778 -0.147103 0.110510 0.319106 0.116887 0.028710 0.104036 -4.705189 -0.154342 0.384056 0.278557 0.133648 0.391925 0.458898 0.444691 0.513795 0.150521
14 0.000718 -0.163056 0.177499 -0.084479 -0.172152 -0.072411 -0.116111 -0.283637 -0.138579 0.241605 0.288672 0.071263 0.120265 0.302602 0.200386 -1.404695 -0.407620 0.265317 0.250270 0.262127 0.072971 0.157046 0.170823 0.200768 0.060409
24 0.570649 0.309081 0.163817 0.025152 1.215137 0.917986 0.107679 0.847251 1.235081 -0.185784 -0.858051 0.993269 0.180169 0.452557 0.466542 -10.185279 0.326987 0.241911 0.799992 0.572765 -0.125927 0.499165 -0.000839 1.551118 -0.120426
9 0.220263 0.204964 -0.056319 -0.057880 0.268638 0.015180 0.252919 0.127668 0.483010 -0.003328 -0.481536 0.123325 0.172516 0.150933 0.208585 -3.159998 -0.044170 0.238418 0.250400 0.179376 0.083800 0.365694 0.057171 0.332540 0.067833
20 -0.127010 -0.135794 -0.065326 0.200080 0.064858 0.154400 -0.011134 0.139235 0.064027 -0.000898 -0.455635 0.071782 0.201161 0.286820 0.228696 -2.257984 0.006406 0.176760 0.184088 0.590136 -0.026768 0.403652 0.097725 0.174639 0.036084
5 0.365068 0.054361 0.588326 0.639698 0.667478 0.328278 0.141075 0.298602 0.608939 0.043606 -0.050901 0.485171 0.460497 -0.194887 0.061684 -6.590299 0.014397 0.218357 0.296355 0.108238 0.026757 0.459121 0.205543 0.504597 0.259939
