21	12	1	0	0	21	12	-2	11	9	12	11	-2	9	0	18	5
33	27	1	0	0	33	27	-2	13	19	20	27
25	27	1	0	0	25	27	-2	22	8	22	14	-2	12	19	20	27
19	27	1	0	0	19	27	-2	9	22	16	27
33	23	1	0	0	33	23	-2	3	18	6	23
20	28	1	0	0	20	28	-2	3	3	7	16
15	24	1	0	0	15	24	-2	2	14	5	24	-2	12	14	15	16
13	32	1	0	0	13	32	-2	4	5	9	16	-2	0	7	0	20
19	24	1	0	0	19	24	-2	13	16	15	18	-2	10	17	14	17
11	33	1	0	0	11	33	-2	2	17	6	18	-2	5	2	6	12
33	22	1	0	0	33	22	-2	14	17	19	22
34	13	1	0	0	34	13	-2	14	9	30	9	-2	19	10	30	13
12	27	1	0	0	12	27	-2	0	24	3	27	-2	6	14	8	17
20	27	1	0	0	20	27	-2	3	21	4	22
23	20	1	0	0	23	20	-2	6	0	8	1	-2	18	12	19	12
24	24	1	0	0	24	24	-2	13	10	17	18	-2	18	19	24	24
29	31	1	0	0	29	31	-2	13	22	17	25	-2	14	15	22	21
24	19	1	0	0	24	19	-2	14	8	24	16
10	33	1	0	0	10	33	-2	4	8	6	11
29	28	1	0	0	29	28	-2	3	10	6	13	-2	26	7	27	7
30	18	1	0	0	30	18	-2	0	2	12	2	-2	12	0	14	2
27	26	1	0	0	27	26	-2	17	2	27	5
27	32	1	0	0	27	32	-2	17	24	17	32	-2	23	21	24	22
27	22	1	0	0	27	22	-2	12	0	12	4	-2	16	6	27	6
14	31	1	0	0	14	31	-2	5	14	9	21
27	25	1	0	0	27	25	-2	2	6	12	6
14	34	1	0	0	14	34	-2	2	19	6	29	-2	3	13	5	21
15	28	1	0	0	15	28	-2	0	0	2	9	-2	5	14	8	17
24	16	1	0	0	24	16	-2	9	9	12	12	-2	7	10	9	12
31	34	1	0	0	31	34	-2	9	19	23	33	-2	1	25	15	33
24	32	1	0	0	24	32	-2	19	3	21	4	-2	6	29	10	32
25	13	1	0	0	25	13	-2	9	4	17	5
33	19	1	0	0	33	19	-2	28	14	33	19
25	10	1	0	0	25	10	-2	11	3	18	5	-2	14	1	17	3
23	10	1	0	0	23	10	-2	19	4	19	6
27	27	1	0	0	27	27	-2	9	8	13	9
32	16	1	0	0	32	16	-2	14	4	20	11
12	31	1	0	0	12	31	-2	3	4	6	11
33	27	1	0	0	33	27	-2	9	12	13	17	-2	17	9	30	16
11	17	1	0	0	11	17	-2	6	3	8	10	-2	2	11	3	15
27	21	1	0	0	27	21	-2	18	10	27	15
15	33	1	0	0	15	33	-2	2	19	5	31	-2	7	14	11	15
29	33	1	0	0	29	33	-2	26	2	29	8	-2	8	22	15	32
26	18	1	0	0	26	18	-2	23	4	26	9	-2	20	0	26	1
12	15	1	0	0	12	15	-2	6	10	11	12	-2	6	10	6	11
18	29	1	0	0	18	29	-2	7	21	10	29
29	34	1	0	0	29	34	-2	15	10	20	13
22	18	1	0	0	22	18	-2	4	3	7	11
33	23	1	0	0	33	23	-2	20	1	33	11
30	34	1	0	0	30	34	-2	11	3	17	12	-2	10	16	14	21
30	10	1	0	0	30	10	-2	1	6	10	10
26	15	1	0	0	26	15	-2	21	6	26	6
29	23	1	0	0	29	23	-2	0	14	3	22
27	27	1	0	0	27	27	-2	1	13	6	15
14	16	1	0	0	14	16	-2	8	1	11	8	-2	2	1	7	4
12	19	1	0	0	12	19	-2	4	8	9	9
20	31	1	0	0	20	31	-2	17	11	20	12	-2	16	1	20	13
31	17	1	0	0	31	17	-2	25	12	31	17	-2	20	13	20	16
31	21	1	0	0	31	21	-2	18	13	23	20
10	24	1	0	0	10	24	-2	7	20	8	22	-2	5	19	9	24
17	25	1	0	0	17	25	-2	10	19	16	25	-2	7	19	14	23
21	29	1	0	0	21	29	-2	10	10	14	23
11	13	1	0	0	11	13	-2	8	10	11	12
29	33	1	0	0	29	33	-2	21	19	26	22
34	25	1	0	0	34	25	-2	28	7	34	10	-2	28	20	34	25
26	21	1	0	0	26	21	-2	0	0	3	0
29	21	1	0	0	29	21	-2	8	10	21	13	-2	0	5	8	11
32	34	1	0	0	32	34	-2	1	28	1	34
10	25	1	0	0	10	25	-2	4	5	4	7	-2	4	13	6	17
15	18	1	0	0	15	18	-2	2	4	5	9
13	33	1	0	0	13	33	-2	4	2	5	16	-2	0	27	4	33
26	27	1	0	0	26	27	-2	6	18	12	27	-2	2	2	11	11
19	10	1	0	0	19	10	-2	14	6	19	6
29	26	1	0	0	29	26	-2	0	0	10	2
29	28	1	0	0	29	28	-2	10	23	23	28
31	15	1	0	0	31	15	-2	21	3	31	4	-2	15	11	24	11
33	26	1	0	0	33	26	-2	18	14	21	22
33	29	1	0	0	33	29	-2	13	3	27	5
20	14	1	0	0	20	14	-2	13	9	15	11	-2	4	3	8	5
12	32	1	0	0	12	32	-2	8	8	12	9
33	20	1	0	0	33	20	-2	4	7	10	13
29	29	1	0	0	29	29	-2	1	0	6	12
14	14	1	0	0	14	14	-2	4	11	10	14	-2	10	11	14	13
25	11	1	0	0	25	11	-2	2	6	4	6
21	27	1	0	0	21	27	-2	2	12	10	12
30	23	1	0	0	30	23	-2	9	11	14	16	-2	17	9	17	13
21	15	1	0	0	21	15	-2	3	2	5	5	-2	14	5	18	5
10	22	1	0	0	10	22	-2	0	3	1	6	-2	7	12	7	21
24	22	1	0	0	24	22	-2	19	10	21	17
11	32	1	0	0	11	32	-2	2	1	2	15	-2	1	15	5	27
25	14	1	0	0	25	14	-2	0	11	9	14	-2	22	4	25	9
25	16	1	0	0	25	16	-2	19	4	24	11
30	28	1	0	0	30	28	-2	4	13	12	18	-2	6	7	7	14
23	24	1	0	0	23	24	-2	13	0	14	0	-2	10	15	10	18
12	25	1	0	0	12	25	-2	7	4	12	15	-2	4	10	6	17
22	20	1	0	0	22	20	-2	11	6	13	12	-2	4	7	6	10
16	25	1	0	0	16	25	-2	13	6	16	6
28	30	1	0	0	28	30	-2	5	20	11	25
14	21	1	0	0	14	21	-2	1	4	1	8	-2	8	7	9	15
28	31	1	0	0	28	31	-2	14	14	15	15	-2	16	23	23	23
29	11	1	0	0	29	11	-2	24	2	24	4
34	10	1	0	0	34	10	-2	14	4	26	7
16	15	1	0	0	16	15	-2	11	6	14	11	-2	3	11	8	13
30	11	1	0	0	30	11	-2	4	0	16	1
30	16	1	0	0	30	16	-2	8	2	17	3	-2	12	2	24	5
11	23	1	0	0	11	23	-2	4	12	8	21
15	29	1	0	0	15	29	-2	1	15	3	17
14	19	1	0	0	14	19	-2	8	12	10	14
19	29	1	0	0	19	29	-2	6	12	9	20
32	18	1	0	0	32	18	-2	13	8	20	9	-2	13	0	23	6
31	28	1	0	0	31	28	-2	26	1	31	14	-2	5	25	7	28
21	10	1	0	0	21	10	-2	4	1	10	1
31	20	1	0	0	31	20	-2	2	16	4	20
34	28	1	0	0	34	28	-2	20	15	24	27	-2	31	9	31	21
27	25	1	0	0	27	25	-2	14	11	20	22	-2	10	10	22	20
34	24	1	0	0	34	24	-2	7	10	14	20	-2	18	16	20	24
17	21	1	0	0	17	21	-2	11	11	16	11
31	27	1	0	0	31	27	-2	8	7	22	11	-2	24	8	26	13
31	11	1	0	0	31	11	-2	8	0	18	2
11	15	1	0	0	11	15	-2	2	6	6	7
25	22	1	0	0	25	22	-2	17	15	22	20
22	23	1	0	0	22	23	-2	16	0	22	0	-2	9	20	13	23
28	30	1	0	0	28	30	-2	13	13	22	20	-2	16	25	22	30
10	19	1	0	0	10	19	-2	2	13	4	14	-2	5	10	5	17
24	29	1	0	0	24	29	-2	3	6	13	12	-2	20	8	24	11
31	17	1	0	0	31	17	-2	6	1	8	5	-2	12	5	20	10
