15 132.229145 111.054559 69.310970 129.197349 38.867433 61.882234 10.716576 -131.039164 -85.351139 -13.981819 -154.006412 -70.710174 99.035044 5.686435 198.905425 -79.870590 -93.821841 -101.414811 -20.148204 188.247834 -80.520060 -108.839995 -54.388058 -107.079763 56.038932
1 367.398259 260.826496 100.252894 81.588592 230.238595 43.225027 -191.326272 12.938600 -42.078344 -169.262307 -231.700936 -241.035494 349.005713 -230.924134 -59.267784 32.817366 89.356341 -437.008541 74.145400 260.380264 -246.536800 54.466470 -77.593005 -38.045460 8.138999
1 471.069196 371.770943 -113.709064 84.354572 121.931699 246.424940 -84.538894 122.360428 212.440591 -231.825107 -46.331420 -445.515035 66.359472 -396.988562 -4.304043 41.366618 121.967228 -489.622217 41.454506 82.786756 -226.932867 28.792083 46.023653 -157.039372 137.703831
1 424.553555 389.179085 14.638825 196.680800 316.885474 292.636738 -48.845709 -180.812535 -62.884593 -115.913217 -226.171522 -420.055400 211.403885 -167.376859 41.224664 -117.809917 -41.343132 -443.558013 175.876089 299.488494 -239.621977 -178.265524 -77.722140 -240.955690 198.768527
2 -71.907541 288.935886 -62.114273 107.257831 126.407153 38.934479 -144.021663 54.192777 185.619866 -374.604432 -260.964830 -115.151164 51.050198 -158.734192 23.169673 -21.070295 28.330494 -147.591528 153.687612 180.051802 -219.782825 73.813393 123.016793 -73.692503 215.167237
1 315.062145 37.961119 -46.868477 123.386597 59.422028 -9.953254 103.246056 -133.356878 -95.297193 67.907863 1.821666 -219.925617 141.155586 -205.506121 -60.272767 192.222331 -64.236871 -65.665420 -155.130471 110.347016 -20.124395 -131.130881 45.628706 -168.448778 177.755912
5 212.983728 152.402732 95.770800 154.695779 221.792017 125.361506 -72.354758 58.445097 146.200975 -376.925332 -152.471929 -171.690923 187.247492 -205.705130 -65.121006 -165.947083 69.918651 -186.569030 164.958218 -88.897019 -202.072682 101.909037 42.569637 -43.714472 -2.786371
1 441.288668 221.678200 11.432038 103.170781 12.834107 295.980449 -29.014559 215.604434 272.884041 -445.949419 -139.949774 -472.276421 365.476325 -187.153375 -128.304593 3.527740 220.844615 -213.444102 -123.372951 -227.530513 -319.489848 126.886221 99.197410 -81.577052 -22.742467
2 152.458880 164.904089 -29.367544 70.255527 94.028244 125.277568 -9.014538 -19.737682 -38.277295 -119.385958 -8.558285 -116.417764 119.233588 -59.910577 -53.877090 -76.147267 -21.044507 -217.720437 136.825403 142.888991 -142.099746 28.001967 -36.664766 -49.634744 -36.016106
13 135.314910 77.723303 158.566000 94.556614 58.327436 135.464793 -45.148457 48.233593 82.734927 -216.701690 -72.661426 -114.611339 290.292694 -192.473701 -131.867222 -52.569046 -41.117505 -192.594681 -5.456917 56.692722 -115.508056 148.255841 -52.403380 42.312836 -95.362286
2 178.176190 393.280959 72.114453 93.823995 78.605091 47.329575 -244.021843 13.588943 -53.048643 -155.287473 -139.139016 -98.674792 151.740934 -133.222792 -15.217029 37.546932 -186.396616 -231.607454 -0.329705 228.884456 -133.303091 -42.312050 -149.876571 146.612785 140.732751
22 38.094612 124.008161 4.468898 48.529332 50.021610 69.521065 -21.388398 15.920272 26.515963 -171.471024 -109.569555 72.985565 -20.366916 -98.897400 6.011781 6.851878 -161.601997 -24.867332 -24.255241 -12.911014 -63.239425 164.586190 37.785848 85.403012 -42.135885
2 71.052747 195.533997 50.967994 13.703140 173.648989 69.799628 165.112824 -22.569693 41.228955 -202.909448 -91.802340 -108.300944 76.619954 -1.402070 -38.748965 -96.780808 -99.794277 -125.516787 23.659085 10.472554 -58.649302 -140.848873 74.138406 -70.697369 92.082541
2 36.280879 230.135537 87.154532 7.072573 121.659716 -99.886364 -95.895670 -121.315174 -87.250223 -85.327263 -105.738903 -18.307269 107.309489 -229.385352 38.737993 130.112640 -60.046308 -4.302049 20.295675 137.379400 -128.248707 112.138768 74.619688 -51.359343 -15.834282
24 -19.753022 191.024177 164.283673 -36.497749 140.786866 -200.759503 -157.334021 -52.605551 -123.438049 48.624740 -203.252014 124.867080 6.746902 -30.982142 94.345257 -6.440436 -86.515947 -110.091185 11.874082 71.831602 -134.479376 15.188578 -36.717094 260.411759 68.881355
2 200.370272 300.953851 28.407263 -224.543488 -57.568656 -83.842529 -42.187981 -12.673722 -23.909285 -151.904592 -167.435638 19.052750 106.785601 -241.814733 208.748643 159.185865 -70.316787 -164.100031 -72.474530 160.428681 15.765930 -66.181795 -68.351362 121.053448 126.552775
2 204.760821 336.874705 -68.262632 -196.135789 109.014406 -45.672949 -228.230762 -3.111213 -86.683275 -190.530615 -163.226287 -201.307151 170.994284 -213.885159 10.209964 151.536640 -99.084070 -23.505298 12.131403 301.078744 -85.305977 72.805368 9.172183 49.035369 177.327234
20 63.710257 178.772675 96.679281 28.956191 -27.336285 45.384682 36.158145 -41.911729 -222.821625 -34.443352 -222.989931 -189.590513 126.120185 -131.765295 -72.537589 -33.802414 -190.492999 -84.916062 183.599373 253.889929 -1.339130 69.154403 -126.113370 174.942115 122.693029
2 354.547294 529.158579 -46.217032 22.360580 84.636256 148.578182 -190.139695 29.717155 -72.966241 -307.391095 -127.143594 -358.399209 277.517265 -136.997405 -58.243989 23.050135 -44.137747 -260.601622 -59.815737 251.785881 -158.177357 31.287072 52.938731 -176.848189 191.501737
2 142.624669 309.548049 -136.236392 -60.362153 33.657801 31.539093 -59.966862 -76.809357 78.877875 -227.612260 -101.750095 21.578883 54.744058 -36.751635 -13.584641 39.194560 -110.827623 -190.763521 -4.231320 242.050210 -43.080857 -14.491071 50.222677 5.926202 66.503683
3 -136.424844 -17.449384 168.361236 -40.218946 58.336052 18.965464 51.477547 99.981207 -56.781763 -16.379370 -5.200301 -16.105520 -5.247029 -73.065211 -112.899048 0.699668 -239.856646 36.752190 43.101059 -111.676763 -14.786161 110.469321 26.776620 127.192946 103.977661
3 -59.079965 199.718741 307.698846 -12.046675 154.388411 78.715206 -139.422469 -101.464433 -99.622149 -33.812210 -75.670831 -47.763963 157.145214 -124.420397 -91.996206 75.502764 -154.926253 -199.224873 82.498880 129.769495 -225.331762 35.406840 -100.923280 165.302300 79.558768
3 -72.401673 -2.267237 451.750732 84.486411 168.290508 -81.424250 93.915747 -35.172634 -159.583463 4.325413 -188.393112 -87.910548 185.301285 -247.007483 -233.389591 -25.557851 -125.967106 -122.265051 173.560040 79.730956 -106.769724 15.819362 -42.027941 271.651641 1.305551
5 -41.863582 129.692441 53.632653 -39.843825 255.323736 41.768517 48.295689 205.634890 60.415558 -271.616997 -146.010229 28.246542 74.799277 -322.327481 -202.336216 55.182870 -106.369946 -319.803578 -50.376363 84.028605 -96.973251 122.770802 101.381770 225.390427 110.957662
3 -99.460272 -142.407732 367.069942 198.298270 31.117105 -35.145888 -26.202112 -113.752109 -198.388673 171.167077 -112.057270 -165.386493 196.278793 7.713052 -226.310343 17.751367 -101.451144 -40.909440 56.165166 -54.674788 6.839601 58.269773 0.083883 149.266834 56.125356
3 -110.334220 -51.835265 240.406632 18.857834 -15.196868 -6.452512 -2.385441 20.932848 -95.734563 -18.689207 -131.049048 122.993342 89.837719 -88.426843 -74.369252 2.257493 -92.843741 47.573723 36.925850 -34.308273 -43.237113 85.813541 -105.201517 188.222095 16.242751
3 -61.243621 -114.070899 225.401940 61.281412 72.450900 -13.201706 84.173741 -1.028088 -104.983274 -9.115292 -83.749485 -157.770342 129.108538 -54.481931 -66.774600 -26.222959 -34.956998 77.513953 42.248739 -10.174856 -33.162202 107.728910 -79.182661 -48.321795 98.532515
10 -83.598255 -88.720273 152.316174 79.068716 43.644474 19.791799 74.761127 -48.723130 -149.156653 161.203429 -78.929000 4.446617 -1.048991 -3.383642 10.673150 -18.886081 -121.215684 -4.861605 50.347386 19.767735 71.224105 -54.285094 -54.146569 52.792335 -33.082123
3 -127.466752 154.577029 355.134167 285.043628 54.453672 167.924993 -87.991561 -12.916248 -124.599714 -213.710550 -208.479882 262.202325 74.233172 -109.308765 99.635380 -107.556156 -264.636079 -120.927392 215.477814 45.002751 -204.716321 -60.364458 -132.258669 103.862420 -42.614871
3 -27.815871 -103.170889 284.766345 130.659094 146.794522 6.362654 101.558795 0.082039 -190.185594 104.130294 44.997639 -235.129577 102.165922 -192.938862 -180.102527 -4.965679 -172.197889 -60.526384 50.953070 -57.110231 -126.514461 97.840505 40.578793 82.663997 157.104236
4 122.002141 -30.207845 66.258090 311.354568 -32.071283 279.864434 40.862249 -117.134053 -25.640155 -38.125530 7.944173 -112.218710 147.283348 -39.446423 50.053968 -63.263944 -137.510666 -163.342180 -45.640154 207.083440 -118.328731 -78.155778 -102.435035 -104.535686 -24.650313
4 -21.624912 -151.404575 62.652732 350.192093 11.894908 90.369475 49.409672 -32.395801 -149.872671 15.614837 90.844150 -205.918857 230.116681 -194.192204 -157.215990 102.632221 16.830003 13.001054 -133.200980 44.397917 -102.304987 82.993429 -38.448957 -86.776739 112.407431
4 88.545071 40.835568 -16.108320 212.921526 39.470888 195.703493 51.096290 -48.133149 -57.398276 -5.118537 -61.944832 -66.692840 88.396749 -112.849314 -63.424329 -6.568465 -38.692140 -223.818421 17.226088 151.081824 -89.452584 -4.206286 -3.390832 -131.848171 44.368927
22 -27.962459 -20.798336 -146.924895 154.197185 34.063936 40.294866 50.000303 -44.695067 -111.610781 117.218623 -219.084990 13.121565 217.544066 -121.957539 -125.802140 240.501443 59.246529 -60.628710 -16.009513 -77.175190 -38.569445 303.849776 -119.346065 -14.549212 -84.923963
4 -0.282223 92.455080 45.449687 258.006985 1.184500 15.153276 26.809788 0.489574 -68.662790 -115.965043 -128.162033 -122.890181 137.514976 -69.383535 -17.883018 10.802105 -76.889734 -127.263837 -44.725405 44.431944 -39.473694 -44.656827 33.216917 -1.791674 192.515118
22 -52.227326 -201.747389 -83.178654 119.939170 41.115104 -85.779605 -0.184305 -29.705517 -84.268996 -29.312498 5.626638 -201.735117 114.973332 -174.943808 -55.730155 -41.512503 40.991241 136.343388 188.426097 -48.449534 17.898982 206.353533 138.446424 -27.863004 106.524421
4 -11.349564 10.324887 -53.609105 179.861162 100.612000 144.977514 88.627023 -141.684206 -53.585263 -51.376825 -116.453355 11.012214 82.268157 -30.395458 -37.004341 -42.679018 -43.507972 -108.514568 40.408344 126.564742 -15.870357 -38.824555 17.581634 -86.329233 28.946084
13 -69.431036 -85.516613 53.217854 57.478566 7.333060 39.024693 54.246193 45.086582 25.609785 -16.439058 -31.910661 -12.627599 69.161347 5.381582 -74.786420 -10.515232 10.716585 -132.103537 59.615439 30.709567 -39.110974 -49.292411 -3.109856 29.537846 37.724239
6 -14.631609 55.292704 26.731197 120.724489 -50.815227 143.840465 76.021303 32.922350 -60.201728 -192.493462 -164.042093 4.600112 98.681677 -141.681803 12.716139 61.250314 -10.956741 -11.758332 7.882190 -60.822294 -41.566519 78.199923 -15.259677 -22.218246 67.584837
4 -14.486514 -12.313343 -39.679417 191.095879 13.513036 37.623982 -0.894744 35.913117 23.001825 -159.244250 -185.319394 51.923028 116.197380 -186.945713 -85.187912 106.584118 118.720448 -30.982256 40.657688 -19.999911 -86.079631 44.089298 16.679077 -6.832090 31.966249
5 34.532894 142.987267 58.439784 -53.855894 302.070380 112.868021 153.573408 105.197998 58.301888 -270.661915 -100.686558 -195.547381 57.762532 -48.389482 -98.051906 -216.529938 34.078438 -162.310602 44.149676 -61.382508 -29.535577 -16.192628 109.274164 -13.304073 53.211938
5 4.609565 8.500215 59.052298 -101.355762 119.030382 59.785303 58.219607 11.789142 65.580472 -176.565933 -145.400585 24.671248 106.793077 3.178284 15.857318 -117.958543 59.852422 -224.326869 83.182745 -139.009627 68.950546 21.549584 -2.401305 54.764189 81.652160
5 -9.483474 11.103362 37.736638 184.345913 258.024255 84.163751 161.220683 -3.712177 -47.823795 -69.662217 -133.759654 -155.157928 140.139570 -274.023826 -135.510328 -46.291355 -54.964068 -125.973232 93.537128 -34.429693 -133.032887 20.965393 35.789633 77.714979 119.083272
6 -114.077615 -46.922730 -61.764025 161.201069 145.922983 249.391749 140.246216 29.568396 90.462029 -230.884347 -184.630589 221.385294 141.593363 -38.624423 10.708464 -97.274544 70.590943 -124.368393 103.863800 -92.424840 -196.744268 9.730092 -77.902620 -71.500026 -37.546051
5 -39.492452 -47.727883 11.689387 123.621068 195.618624 -54.044130 143.269002 -90.581799 -61.007176 6.092669 -49.543688 -59.182130 44.274257 -94.664667 -79.150194 -53.790931 44.864879 -143.045127 89.281054 -45.318042 -7.192498 134.820700 -44.509519 -5.462594 81.181121
24 -52.100263 -104.407970 122.674730 50.278708 95.936213 8.976932 53.371772 -19.929171 -114.269988 142.242438 -89.443871 85.505440 33.725975 -63.382591 -42.117563 -64.631982 -93.030316 -118.105305 49.833070 29.737359 32.292044 -33.703629 -70.073502 151.862847 8.758571
5 -37.704950 101.478302 181.221617 55.451119 315.487952 13.591105 -51.274063 105.846810 -61.143697 -210.062927 -90.565643 -125.124026 143.166322 -226.451054 -186.345539 -113.880904 -107.726449 -74.728737 112.387715 171.550662 -214.106947 84.327589 -15.131320 147.972347 81.764674
5 -183.960186 -46.639552 172.185790 52.956328 265.566896 60.275783 -56.092249 -26.816427 15.243309 -78.504920 -118.055215 116.345948 117.744103 -156.729366 -126.040196 -130.019585 -80.846919 -100.507604 146.985289 62.410152 -110.270393 31.548399 -14.780873 152.964527 35.036913
5 -136.592413 -17.430572 107.366497 43.628598 355.262511 83.435648 -191.338794 -46.672700 165.535465 -147.304314 -250.685930 23.635626 213.174217 -239.645981 -163.003120 -42.895835 -28.394084 -107.554456 1.741912 126.202722 -185.471533 275.663264 -116.481040 159.648895 118.175350
3 -154.527183 -135.596507 308.520193 152.477282 280.426390 29.263461 117.025575 -0.947855 58.258518 38.678473 -93.417207 -5.864402 71.280995 -249.967683 -121.431893 0.010367 90.767250 -150.923450 210.723393 -208.224379 -280.434049 69.827023 -131.004636 72.228938 32.851341
6 11.462263 37.503928 105.447169 170.962821 172.425157 286.519145 40.225887 58.931130 34.933254 -143.941448 -212.293639 47.808019 110.457996 -279.652217 -84.501742 12.020618 -109.515129 -276.299956 81.948231 -3.508088 -88.938404 38.659814 -11.160817 -4.209865 4.715830
5 163.913877 121.913235 92.508055 26.208767 303.725463 282.904033 -18.725112 -172.191772 114.576848 -159.926920 -218.122867 59.706398 206.038646 -339.352927 20.032968 -52.823732 -75.811295 -477.067101 64.979969 173.959553 -97.912224 108.421768 -167.408675 -13.943517 54.396478
6 88.120957 -15.454334 -136.823863 89.264345 117.018153 266.407020 125.579939 -23.331425 15.234666 -195.167936 -91.726300 -139.712864 67.165740 -92.465307 -157.916000 240.708000 -93.250817 -60.778390 -58.999160 -1.734557 -7.976680 195.773061 82.278253 -180.859379 -31.353135
25 -15.159386 67.923592 -8.051389 12.905994 106.358427 72.503045 73.453383 -1.022084 -83.928348 -28.332661 -124.555279 34.062546 41.600975 -89.227435 -65.088691 -4.766318 -151.058997 -151.515161 17.904112 66.871286 5.937792 -68.625510 -23.135492 124.117302 190.828254
6 56.633590 30.558774 -15.040449 68.576623 155.790558 184.261234 41.579666 -50.891352 -132.162634 -17.178745 -89.199627 -93.855813 92.994471 -139.573846 -73.615579 25.231986 -173.242947 -82.699404 39.186458 149.284574 -53.057831 -44.561436 -50.149027 19.610814 151.519900
5 -69.950311 57.628242 156.990938 61.384373 269.596628 228.152253 17.542740 -35.546781 -148.302878 -114.268324 -256.655136 -100.385687 22.040515 -211.603606 -82.969491 32.888258 -185.328998 -25.503641 25.560059 126.371381 -132.205262 14.554590 -12.644488 135.515628 227.138975
6 212.977292 221.159402 -178.158081 92.862938 121.469496 373.248176 -41.536151 -28.680685 153.300967 -346.941629 -153.768995 -84.012539 145.230428 -176.986271 -157.929675 -28.273204 -122.014407 -213.493014 76.931850 116.613921 -7.629917 180.526718 -7.808669 -153.309136 6.221146
6 117.373247 279.235568 -111.470374 82.377471 15.313329 357.440146 187.026381 -7.003651 58.369493 -302.477723 -296.814198 44.749070 233.101704 -120.460178 14.460096 -118.396709 -84.189211 -429.015188 182.391122 73.445134 -75.644837 -172.388504 -58.842039 45.290999 86.128796
5 11.339796 116.404865 70.800736 -38.330543 125.559135 98.790304 -9.678395 -91.730273 87.838212 -159.684656 -145.200142 25.596513 85.654711 -126.050419 -40.220049 -7.374447 -67.558460 -93.121370 84.041566 -42.587742 12.041349 46.367016 36.011542 -23.827756 44.918486
17 37.156811 48.011131 -56.454508 -130.941329 244.238332 -22.819354 183.895671 215.642745 109.001365 -262.640702 -260.566518 -223.470654 -7.677963 -172.195875 -29.464406 -59.064344 313.634707 -127.384571 27.607363 -169.584424 16.654060 92.804860 0.353137 66.438662 166.825764
4 118.844265 23.005815 -24.196255 219.817260 64.773189 154.854591 94.880635 -98.863266 3.841931 -2.208390 19.360576 -101.623590 87.667594 -114.006878 -80.279703 -53.124425 57.408887 -247.051830 151.782926 43.823978 -162.791461 13.768232 -90.290656 -154.467681 75.074183
7 -57.476053 -101.726730 -5.983277 -66.525538 48.557933 -108.261952 258.617590 109.342917 55.327683 -39.900956 19.328438 -177.620512 -44.042833 -38.025062 -109.140094 3.728482 98.112344 -57.451969 -12.870637 -26.981065 183.972604 -102.103817 55.670714 -18.812256 134.263955
7 -107.440034 -41.836184 -34.328756 -79.486345 18.583170 2.153730 293.905238 54.441649 -37.749914 -22.115777 -37.429624 -22.183355 -25.058439 93.643938 -36.173934 17.724473 -76.014816 -50.217779 -59.146786 52.151047 117.700129 -88.726532 62.983183 -107.488517 112.110157
7 12.520761 101.125196 -34.314168 56.625454 126.070720 113.562936 187.094840 -21.121429 -57.432718 -147.398290 -65.476884 -2.763063 -3.038567 64.575600 -44.500415 -106.632550 -84.233010 -53.166383 49.773156 46.409140 -63.952932 -78.928758 46.970598 -69.975382 28.206085
7 -106.800933 -2.584301 -73.622069 -132.521100 69.286575 -59.620979 436.379640 69.355139 48.034635 -48.233434 -116.628755 -69.890950 -85.570023 73.903555 -105.719441 -1.871394 -13.466245 -82.582992 2.268833 52.611712 148.578815 -118.835494 126.346032 -101.273698 92.456785
7 -29.554639 -157.450325 -110.926439 -128.248115 66.553143 -163.564529 298.946804 -20.825082 47.146128 175.079724 -9.155071 -114.914614 -74.863025 -0.663935 -91.156808 105.430545 5.702212 -53.709883 98.737896 -22.274443 287.146042 -215.222036 102.104560 -165.846320 171.528082
7 -178.092391 -54.778488 47.254692 -110.392893 198.117616 77.154012 503.812417 155.088862 158.567201 -120.454801 -54.697682 -139.476129 -53.112769 -154.127614 -115.879495 -67.218397 -12.664935 -276.774054 20.148287 -53.202307 131.503560 -79.633684 107.720042 -68.717969 139.856830
7 -82.040241 15.190452 -28.842491 -86.478556 -8.385705 55.175599 200.924653 104.581265 54.255207 -44.288210 16.061322 -144.954412 -22.668539 43.814198 -42.649286 -93.528942 -40.554678 -71.629110 19.053152 -56.693578 153.035563 -79.041863 92.483536 -66.805708 113.986310
7 31.383664 -52.586069 -27.553030 100.998406 65.986129 10.858679 241.815145 77.423790 -79.674870 -4.314542 -148.145068 -112.571731 63.398302 -63.551970 -110.621875 49.382176 -17.654260 -134.921712 -142.879436 -7.233403 129.419825 -14.398758 -26.716712 -1.300061 173.457323
7 -4.996513 8.317394 72.811896 110.333688 140.328446 -23.324071 259.300631 -108.009637 41.217643 124.919969 24.018156 -90.828537 -0.034048 -13.312080 -65.496903 -153.102631 -55.716749 -260.253381 62.379036 -91.687111 84.608368 -125.350466 -67.991690 -56.966836 188.835335
8 123.859173 140.496011 -25.465022 -203.194561 -221.807322 -54.213083 42.971749 695.907099 179.612086 -479.454385 -25.524553 -296.399156 -0.133817 -63.892907 102.924733 -173.997734 -12.559708 -121.516829 123.316479 15.659610 -173.041868 -99.529512 150.158044 246.600402 129.225006
19 31.721218 74.729112 -11.418777 -88.436649 67.254126 4.265895 19.690964 99.816968 18.479235 -120.737751 -130.071172 28.179545 44.430507 0.431570 -12.309961 -95.288305 -49.796114 -179.866389 131.880407 105.713803 -83.041524 -16.394719 66.249333 85.679214 8.839398
8 39.404777 -45.794824 -35.157801 -67.840380 -62.176680 -4.105549 112.902087 545.997729 130.771520 -371.957481 -207.048593 -158.624332 137.128673 -127.802551 -120.862052 -134.979205 265.745414 -95.025463 135.666282 -120.681261 -150.199254 70.403100 127.509839 116.308400 20.417526
8 235.803067 86.919373 -67.052569 -277.850697 -118.617685 -93.542997 25.503545 594.053579 18.741685 -386.167917 -249.948428 -181.198627 263.555289 -159.026729 102.853606 -80.191952 67.455790 -257.075438 -30.977948 293.227120 -142.132641 -50.810268 8.762938 236.628706 161.089095
19 17.539265 -133.871410 -19.881780 170.366887 -59.878403 -133.165492 -64.958272 190.104784 232.340245 -58.905597 -5.548429 -122.180488 -134.352746 -166.359222 -32.937179 -144.782006 54.034599 -9.485188 287.103695 -67.971726 -57.102614 51.643034 147.675251 5.772592 54.800100
8 107.408822 -142.495795 -119.883200 -128.546411 -79.567792 -131.590976 30.420138 484.455142 467.209870 -511.558074 -196.722375 -223.178781 -109.628062 -237.508621 167.123856 -253.000575 152.759502 62.749314 255.368868 64.433404 -246.851155 -31.405117 362.214502 122.531701 135.261708
8 149.510909 51.549355 -109.750521 -78.788351 -220.811642 60.723311 -65.862897 602.026962 54.899362 -401.195770 21.781005 -202.313599 45.656894 -35.305600 119.974978 -46.816322 -9.373934 -19.480533 49.020637 -42.039248 -108.604127 15.824034 45.745666 86.045273 37.584107
8 148.770259 199.052433 21.759141 -188.332686 -143.815965 -72.600888 -55.092098 390.226702 122.088610 -302.712664 -136.996499 -130.433654 55.775402 -31.187124 37.624429 -100.465733 -13.093866 -121.472298 177.212917 219.648268 -185.736496 -82.237098 93.284751 142.900549 -44.166491
8 169.073795 136.426010 21.293228 -78.728311 -126.864427 2.972447 76.627801 439.102878 236.028418 -485.522516 -146.661173 -157.431898 134.708016 -42.102661 -43.941719 -166.973895 52.724983 -213.097807 212.003446 84.947055 -196.930425 -61.692809 153.008344 86.813063 -85.781922
8 113.548336 34.017621 -61.436286 -134.134552 -155.191859 -96.623645 29.285730 494.389321 192.941230 -336.501893 -155.858191 -147.424044 -14.759422 -125.242062 75.584271 -261.515718 102.710824 -86.248803 223.871054 70.300860 -174.677037 43.919036 102.551019 204.661557 61.832568
9 -52.196236 -59.061679 -38.713545 -139.565009 63.234869 9.167200 62.613466 -15.317619 210.940611 -120.702590 17.201258 -62.985196 -1.966852 4.321981 84.934317 -107.622251 57.175843 -99.153702 10.039953 -94.307498 0.462819 154.693175 102.593276 -56.599379 70.812718
9 32.741957 -67.700273 -14.180773 48.169151 58.005015 -41.619839 30.676981 78.997176 255.313066 -118.289985 -28.848746 -83.911881 90.968420 -152.847234 -39.768734 -33.896235 175.647870 -115.728216 72.346255 -156.660679 -129.926053 56.803378 77.208737 29.492385 -22.991793
19 -172.483689 -132.054393 -141.171211 31.706039 -5.711327 -151.458677 -58.735635 95.013773 213.590065 8.754509 8.669943 -43.661976 -54.714538 -88.075538 2.547502 -204.714999 176.089936 38.948853 216.908286 -57.248393 -89.241420 131.138504 37.669003 155.898394 82.336933
9 44.255956 -41.173887 -29.194694 -236.425472 -112.680254 -17.986058 158.327687 97.154114 580.380749 -217.551586 -63.752692 -80.600381 89.399674 -224.102863 87.085907 -72.154956 304.693932 -243.188226 -8.180053 -80.278405 -116.714635 31.145101 19.364497 -40.821074 172.997559
8 3.208578 96.206240 13.070965 -241.795635 -31.627635 -137.490857 189.869044 292.414436 217.691834 -292.758324 -221.835242 -142.938064 74.510398 -127.981320 1.773022 -162.192340 224.975418 -186.967872 107.247499 51.442087 -162.877513 3.523229 150.723316 122.634241 159.174447
9 -83.466331 -22.259552 -120.345691 53.854721 -12.145075 -144.158794 84.375428 30.715794 222.874874 -112.384598 -25.045518 -113.826963 -10.347359 -152.643127 80.265723 -31.700526 61.152580 -41.186226 10.157557 3.953535 -78.112679 38.656991 206.260180 -35.666130 191.021101
9 55.393022 12.808971 -41.861014 55.724004 107.976812 109.495267 17.179262 158.213550 177.847028 -146.887208 -6.046119 -213.694387 37.151890 -121.663476 -73.899513 -8.522751 95.897810 -114.668237 107.102166 -172.007042 -151.951189 75.840022 -7.709327 -50.125198 98.405627
1 206.359986 173.301005 -20.171904 4.036935 131.536201 137.386063 43.384453 100.376834 176.731822 -218.050514 -186.755771 -89.918665 64.043518 -300.030145 -7.771105 -35.877552 -3.884643 -350.651599 56.366297 92.939574 -127.056480 -50.244706 33.485315 62.082005 108.382988
9 -17.287164 43.813776 -52.137583 -129.636587 6.116955 -64.433105 115.955044 101.250406 274.187121 -158.742944 -59.704004 -12.608139 35.595509 -82.229080 65.980125 -104.978562 104.764044 -185.409309 -4.450562 -47.413643 -79.086061 -20.042342 110.102242 49.088163 111.305645
9 -184.405095 -134.851963 -45.801480 -46.592852 35.253107 -143.771967 118.026578 123.926422 598.990987 -236.338291 -83.584303 -89.332366 -106.443913 -150.325186 79.611551 -246.525635 216.875164 -105.261029 91.272485 -82.746322 -133.254384 205.836732 264.384652 -52.247323 107.304337
11 -45.942190 -100.515718 -68.163376 49.734214 16.604624 -82.718988 -23.931584 -52.751513 -62.984569 196.495477 217.010528 -70.370741 17.975324 82.229599 -107.377287 112.560275 -49.569046 -44.783668 -2.378458 21.180443 -21.766831 -44.056025 60.698129 -33.247519 36.068836
11 -79.972375 -95.058163 -44.256285 33.718562 14.855542 -32.739363 3.816985 -40.007062 -24.875891 90.585240 186.600100 -19.209296 -76.053751 115.045227 -19.080124 17.595472 -13.978856 28.355361 37.717102 -40.591598 -25.746161 31.440849 63.845789 -100.529516 -11.477858
10 -35.392875 -119.166319 16.789361 102.419105 7.022023 21.476131 78.556469 -100.165652 -167.795238 216.337645 -40.124991 76.451290 34.363072 89.514200 -13.203432 124.019583 -95.630387 -105.852160 -29.711438 26.889525 56.582050 -13.034523 -57.628620 -78.961698 6.246820
10 -61.688213 -152.037240 109.357798 158.465129 -66.300087 -84.631949 -27.306077 -51.572394 -197.157467 352.051354 -29.417912 85.174107 -23.520484 160.716586 58.075262 122.464815 -53.189827 -84.826764 88.316869 118.385066 44.930752 -121.864961 -158.186978 -61.244094 -124.993386
10 -67.563723 -177.233293 113.160490 88.052607 0.305011 -75.086757 85.826052 -11.444245 -84.901132 225.084432 40.387162 -53.654475 -47.079967 16.489582 -64.666692 -29.321058 -73.964339 -18.364960 113.316522 41.192298 24.887417 -66.426361 48.910895 -7.108834 -20.796718
19 -13.794138 -160.716291 -19.992493 42.630003 -80.448478 -127.569367 6.038891 -44.583177 -20.244711 138.031695 -34.862965 75.724325 -28.189213 123.836929 -0.332569 -113.217199 -155.709179 62.578985 144.970493 -51.996271 143.950228 4.457481 109.049298 -2.783709 3.171366
10 -144.183763 -243.899845 106.327652 116.511578 30.580746 -122.021510 39.004171 -66.284317 -95.818584 245.166646 -0.749436 -11.370561 -40.448464 30.882955 -0.682324 -74.643812 15.281791 49.450274 95.325018 -43.843591 76.930458 -28.676052 -16.460551 19.761196 63.860236
10 -45.516173 -125.554130 32.646924 28.965606 -61.803504 -112.590466 -8.152716 -52.515095 -67.704726 121.641291 52.697032 70.518067 2.627870 97.327130 29.105883 58.323552 -35.880566 -0.515063 67.775365 -53.706869 39.987458 -35.382195 54.955133 -30.856716 -26.393140
7 -7.339543 -176.446567 -29.564238 36.373136 40.251252 -16.056132 133.506718 -75.902286 16.238444 122.791370 80.593361 -107.532258 3.581983 21.530511 -77.810006 -2.215670 -53.502352 -20.370696 -30.362612 -45.099153 105.461740 -25.563780 127.680767 -54.887039 34.642986
10 -12.796417 -198.248063 25.622896 116.422998 -122.115806 3.178154 52.556631 -109.071316 -238.344221 253.503524 43.584735 13.487743 25.106865 235.914534 55.826592 165.163015 -12.545428 -126.200436 -32.054444 129.973480 80.811570 4.952238 -133.904458 -145.021300 -75.803200
11 -115.022139 -122.245148 -47.728495 -9.392513 -37.270931 -59.730038 65.379343 -17.432767 -18.009930 70.315646 238.591124 -49.028099 -85.028123 111.527290 -48.938097 -30.807843 -74.180947 58.480691 17.426600 -28.709016 -34.126781 6.457711 133.681235 -9.624690 85.415846
11 -97.890889 -278.554282 -60.869890 109.954950 -126.108465 -72.487961 -14.152565 -71.285208 1.751274 146.359376 414.101885 -68.730571 -25.900538 23.625684 -113.756761 40.453530 -3.525915 33.188101 4.230851 -86.609972 10.787602 41.599118 136.482410 -58.785290 116.123404
10 6.952059 -136.364140 4.394286 80.682646 -85.502653 -113.681107 -48.584164 -106.680059 -72.273238 118.160084 54.401233 105.093061 -16.862460 87.943292 9.706903 110.728923 -3.318853 -55.417313 69.482832 20.504503 68.024583 -79.043208 58.180752 -81.241341 4.713288
11 -23.397771 -110.795081 -127.246264 28.320862 -42.189484 -125.567725 -33.646605 -15.958298 -59.897388 153.418916 217.370881 -18.682741 -34.815950 86.414065 30.690058 99.563641 1.192056 -22.307464 -71.658157 39.712799 20.532033 -33.721837 25.111894 -55.370980 72.928460
11 -104.170833 -116.495276 63.853707 85.666771 59.290305 34.553960 26.045119 -34.186855 -18.451768 74.978348 321.326538 -137.800027 51.569669 -34.925951 -136.267001 -21.216081 -45.042117 -114.408000 9.915851 -48.549384 -37.401347 74.748297 -18.174953 -35.940158 101.081114
11 -28.590513 -82.561698 -46.365116 88.049898 -71.447613 -78.146272 40.968490 -10.838835 0.241806 53.705162 275.969021 -63.897520 -28.264357 41.388911 -72.569389 10.825959 -9.304278 10.007177 42.549068 17.433232 -53.391622 -11.806731 3.835685 -78.997036 51.206489
5 -17.169511 45.310301 46.729405 -33.152660 141.669307 140.319375 33.408685 -133.539438 -2.381215 -32.444462 128.641042 -24.448186 111.937883 -2.494606 -147.591042 -81.443000 -114.287516 -241.857476 11.142515 15.205614 49.588976 94.916128 -60.008368 -54.165349 126.113534
16 -70.443147 -145.834757 -80.232409 -64.240235 -47.119171 -134.429028 -37.209000 7.113614 -27.801049 35.835463 142.525012 6.959357 51.977135 36.967865 80.430808 152.939190 98.394413 14.995917 -47.746114 -14.231241 -2.531174 12.110561 -21.525067 -22.548634 75.641642
11 30.787356 -54.148545 -86.312385 104.449011 47.278744 -54.416512 -40.178222 -83.808108 -6.293767 186.569896 349.619439 -196.756258 94.586850 -61.504791 -203.092390 205.564945 -36.592999 -58.569993 23.702251 -28.569092 -34.857764 -37.547795 52.385058 -101.901578 -10.393422
11 -46.513702 -110.853454 -82.246474 33.176605 -88.572661 -158.013635 -63.871015 23.191461 23.118049 4.810443 227.095996 -78.418509 18.504260 67.000236 41.233116 27.817578 51.584530 65.803373 -71.383853 -71.509051 26.630270 40.461006 49.909564 -78.120646 149.166433
12 18.030261 -14.395856 44.016936 -1.072252 64.321598 -41.044299 -16.165769 -63.141799 -33.304441 77.663188 -72.551651 118.831879 25.502486 49.526075 95.395494 -48.303958 -90.159425 -184.894269 67.542756 52.845960 1.677518 -57.021123 35.638195 10.422739 -39.360303
12 -60.232979 8.752452 119.822227 87.126606 52.912884 73.237252 -9.606009 -159.116716 -30.675820 207.480382 15.670878 242.175340 61.363266 -9.379670 -50.893177 -62.069834 -89.593052 -331.871868 167.354313 82.474769 -6.454598 -54.608795 -199.152228 26.321351 -81.037041
15 -28.387034 7.856729 -0.090602 -9.568503 9.110546 -78.823636 -67.213582 -80.007846 -77.764082 37.254720 -121.254108 174.176044 -5.896288 -33.759808 227.824906 74.141895 -78.670459 -102.317308 -60.640774 170.536440 -14.558952 -52.356477 -56.747857 31.300831 135.855157
12 103.246530 67.274637 72.412007 184.862857 -48.222910 59.872268 -116.120599 -24.481381 -90.811666 -28.709238 -96.025331 245.785611 78.253025 -0.718980 -32.512480 30.609531 -182.932987 -248.133852 130.957488 217.616517 -54.813931 -78.588720 -70.430915 103.625836 -222.013381
12 -25.434409 -10.794778 24.017039 4.352834 89.106919 -15.925196 -66.805188 -126.001521 -42.899536 98.307731 -35.808633 200.083106 81.568816 -46.355402 151.179040 10.538748 -102.878873 -197.362882 35.487890 69.460935 10.354413 -110.165950 4.339566 -43.761548 45.396796
19 -29.539280 -108.766044 -15.035505 35.211647 42.247902 -114.271094 -66.094036 -53.957749 2.001840 86.205292 -1.766104 59.685873 -21.539067 11.908035 -48.947429 -52.952628 -144.078094 29.470352 219.733216 24.887529 53.168666 -34.002172 102.627350 29.860507 -6.059083
2 99.454665 182.114127 34.979217 46.865850 -5.682196 97.527936 5.703011 -29.233487 2.698612 -176.269586 -201.350645 130.327423 140.335016 -160.379627 125.794352 -66.687150 -146.318188 -273.709720 46.154960 137.136398 -52.159675 -99.374128 -58.935684 122.765851 98.242604
12 -55.749495 -26.189411 60.185092 81.766445 74.156226 34.910075 25.216969 -86.845433 -15.569643 105.682702 -14.101969 120.595723 71.937863 -103.057948 24.321029 -71.438761 -67.577339 -189.436958 70.975839 23.648183 6.700654 -87.344647 -29.348248 20.961778 25.601201
20 9.970846 33.800541 -60.395514 12.221333 33.254519 68.095167 -41.108989 -69.825832 -138.962058 101.044842 -140.386124 260.782105 144.028646 -24.955627 212.650866 81.708004 -151.757871 -346.762566 39.339190 276.161825 -78.501506 -42.986791 -203.069513 46.231024 -20.576595
12 -95.742728 53.069981 266.617440 109.053616 40.209767 13.689801 -82.044613 -163.648459 -30.520317 163.794013 -158.382466 340.930347 179.032353 47.231518 185.225372 -48.468137 -124.674762 -442.192178 148.256505 135.799866 -84.433813 -174.034125 -180.216288 21.180882 -119.733646
8 28.646919 22.971299 -91.008317 84.939381 -42.232534 -33.914322 -14.668168 182.078905 53.759992 -198.591173 -89.086243 56.811681 128.004223 -31.646667 -127.351159 56.238689 108.346132 -153.916716 -43.701400 165.691969 -83.234810 99.472898 22.808965 -78.025101 -22.394501
13 46.840272 160.144365 77.448677 130.683996 54.633955 26.343835 -104.798336 -5.130501 -30.589264 -107.060108 9.321350 -83.631773 181.771194 11.326022 6.942106 -58.079184 -165.303230 -138.356117 63.165682 -22.133246 6.075326 39.135009 -128.450694 10.130950 19.569699
20 168.574925 102.297089 17.131943 22.517295 96.685745 41.960810 124.434945 -1.647392 -195.522042 2.786476 -85.334056 -118.958347 127.868977 -138.853093 -40.889461 40.612867 -79.513970 -212.192290 1.158511 209.217362 -23.465514 -55.514731 -61.247152 -11.455152 69.346168
22 -60.469205 40.397194 134.938387 69.193978 -5.708012 109.368352 -96.255114 -10.895248 -27.537756 -7.289201 121.150960 -260.088232 131.942810 -46.659414 -33.317788 -101.710869 -34.380578 62.006584 -54.545516 -200.435642 40.417093 175.499232 40.670270 -107.901667 121.609331
13 199.904002 24.705859 132.185254 -45.292784 -93.901685 31.169604 -157.830982 185.899913 -105.627919 -49.277844 -159.242328 36.532359 448.493075 -55.844474 171.139049 177.683897 1.819417 -299.126011 -180.750982 -81.604043 -112.918298 80.679614 -176.348900 97.426399 -69.872222
13 144.614558 95.912565 9.310473 157.694473 10.435748 78.500034 -173.879255 84.515276 -39.255914 -161.692711 -24.325594 -95.971902 212.140387 -49.075381 5.713245 80.824034 -108.360118 -224.564638 38.075020 180.345917 -33.671555 70.280139 -125.183266 -142.436802 10.055200
8 24.050828 74.574159 -41.198881 152.066595 -26.712191 80.743973 -98.755320 176.060084 68.220321 -148.135763 -36.407825 -126.002769 146.936308 -95.201543 -91.420617 71.315985 36.446611 -108.582456 -53.424986 15.408019 -82.283358 78.373102 0.118138 -24.691044 8.502612
4 196.920255 185.517912 117.612993 296.553700 113.816393 204.720879 16.556971 -41.913098 17.569273 -287.792894 -230.935468 -101.276440 250.904233 -305.013920 2.237920 -13.551756 -84.685622 -292.570597 -3.090228 86.413255 -134.323036 -73.359525 -0.924549 11.329690 69.283599
13 126.816186 157.137251 48.276954 -164.464572 -12.116119 79.411358 -59.619552 67.036135 4.742480 -154.731012 -110.899392 -172.092005 243.299573 -40.108030 87.037424 -28.899709 90.034624 -148.699561 -41.295545 123.030292 -78.294855 100.159965 -12.846795 -145.330880 42.415767
3 114.033228 90.713703 309.381495 120.914350 -51.248222 19.541845 78.824890 -66.831190 -77.959269 -111.543187 -169.876376 -166.117563 195.278370 2.063330 -114.232465 1.129454 -130.032053 -48.334783 -22.763227 20.437786 -156.325682 27.640414 52.060681 61.517072 21.727400
15 -178.275944 -93.535328 -26.994230 -113.861487 -5.115202 -102.826874 12.645567 -11.455071 -49.204224 -31.467022 -9.018198 58.931107 46.840457 46.699093 141.639122 -84.982986 9.220416 58.010030 21.367968 -85.557897 117.730114 98.606707 67.285500 -13.064415 126.382731
14 -66.834766 -21.280776 65.301083 -39.917982 -104.338552 -50.209639 -46.840387 -10.376387 -59.158802 117.892535 -25.648360 81.521908 -4.774281 213.836885 115.747253 4.890397 65.435730 -142.322242 -37.103733 -23.457325 20.558551 48.934007 -7.645226 -97.170356 2.960391
14 -128.697962 -25.312946 -60.783758 -81.750245 -44.016706 -3.853231 58.888988 -56.068591 -91.026562 54.357946 65.675674 76.608411 -27.111753 212.341649 33.965796 -13.180269 -38.762901 -39.532051 -15.358943 -25.641568 92.107029 45.260602 -3.668837 -28.350241 43.910387
15 -85.132078 20.466656 83.814791 47.140617 -14.182468 -126.892486 -126.162304 -117.918216 -90.128825 129.320787 -73.828157 131.671690 24.596044 173.895148 205.091867 61.077456 -45.565620 -99.227528 29.681700 -62.837843 51.659795 -96.151576 31.873391 -143.271237 91.008335
14 -35.909876 -32.446998 -55.631185 -59.713997 -53.440522 -79.549436 -59.650927 -22.403923 -4.646058 65.699177 11.417222 101.018233 -79.023917 192.883278 181.480482 55.314029 27.167818 -58.333989 13.255162 81.263527 9.682202 -57.629367 -12.476303 -109.635979 -18.688729
14 -100.937941 9.241508 69.563872 14.876978 20.545857 -34.403991 47.843691 4.788014 -67.542797 -12.109132 -101.315872 128.922532 37.113396 182.819753 127.086727 -84.257427 -16.442189 -27.392723 -68.707752 7.248202 26.872767 -27.491814 -121.157312 -34.497692 19.333286
14 -106.592627 -36.056730 -74.818146 56.373275 28.656843 -50.246560 -6.559065 -76.243423 -102.913995 144.544657 63.553640 5.094928 1.751962 156.374367 60.926156 17.125533 -68.126865 -5.168170 32.350223 111.301671 12.858841 -47.985424 -31.069130 -72.307413 -12.824608
21 -22.633718 -82.556234 -139.622637 8.730036 -18.146616 -77.462933 42.685742 21.523311 -21.002229 28.732191 28.369269 -91.622603 -14.507996 38.469452 -18.456647 27.658462 3.283034 -39.739563 93.998851 37.045029 108.717428 -20.784347 70.025762 -63.024050 100.320933
14 -131.315601 -135.168022 -36.489483 26.574031 -45.600742 -201.425038 26.656110 -1.723066 21.574840 59.554789 100.199127 -147.099086 -14.968385 223.817302 71.606519 -249.186093 100.962727 142.553930 148.697357 -235.908186 146.033301 163.650417 159.971267 -147.914981 -45.053113
22 -192.684373 -74.640362 -26.201456 13.059223 -47.488633 -35.860500 4.037256 -64.770883 -60.742412 0.011930 128.703760 -99.100812 51.905327 144.936852 -3.757762 -55.802830 -75.399396 95.295475 28.606900 -180.296150 123.363923 190.943537 140.308878 -58.188668 53.761145
15 -39.268884 71.873331 -109.019660 -128.909770 -100.391977 -63.602648 -47.757955 -56.255818 -34.451150 -22.362339 29.695579 24.218181 97.048892 65.097049 216.034115 -85.331306 -85.551858 -51.537630 -68.657967 25.572548 -11.763194 141.670179 -12.123350 79.549610 166.225991
12 35.835519 128.377714 100.179524 23.361268 -16.435798 -44.622694 -78.482633 -41.481313 54.820985 -51.643904 -178.383818 132.522400 91.076035 -107.884974 16.126900 99.456255 -84.251481 -239.650606 93.841096 81.911756 -126.952824 -16.843421 -19.765603 96.153431 52.736155
15 114.628687 155.634809 -18.268074 -109.508809 94.952266 -38.583606 -101.938104 15.930418 97.462866 -223.973887 -174.176641 9.076032 194.829080 -219.880376 239.927519 38.427817 -44.646611 -240.598466 37.438182 109.655942 -128.680813 14.791857 38.741617 55.053095 83.705140
15 -28.308410 76.927532 -86.581261 -171.641829 -32.987323 -121.873287 64.279814 -108.966622 21.262393 73.636129 -164.422454 178.469132 11.242893 132.718651 322.852109 43.302719 -56.464314 -189.832773 -26.438830 121.773778 31.486409 -174.669534 88.009655 -115.082073 111.307404
14 -11.769558 61.844539 66.635588 -83.976437 -37.840782 -51.984614 -82.245368 -13.949517 -24.391279 -64.339601 -90.619009 118.332128 -69.387899 187.318474 110.466356 -71.634842 -59.523484 -33.127996 31.211802 47.541463 22.571438 19.560153 76.991260 -32.228458 -15.454430
15 24.548127 44.127635 -30.978194 -178.867500 -140.970745 -295.786843 -222.202902 -22.958254 40.573215 41.142335 -41.965297 -33.560731 17.253168 164.122836 383.363929 40.275433 -1.415258 -20.758871 -76.116100 -80.527265 -41.548119 166.394368 25.551024 15.797899 224.506039
15 66.640456 29.884585 -120.658085 -176.603020 11.010288 -173.425315 -39.486902 56.736587 146.848429 -211.770536 -174.141737 -22.381467 50.918395 -55.000380 252.071009 -111.075371 34.357567 -117.906542 67.471846 160.032588 -127.587139 9.069834 248.252674 50.023313 146.718825
15 -48.966236 1.792137 28.175933 -23.052160 -18.634876 -53.077377 -120.128007 -125.887801 -67.649605 176.986951 -128.964851 286.617515 108.831989 31.964807 398.306220 16.122728 -157.433674 -232.598609 -17.612394 128.906497 23.144943 -132.129293 -115.530158 -26.047916 66.863138
15 -101.481954 -93.116543 53.269678 -80.479030 -32.963540 -191.189720 18.774276 -33.746545 -59.237285 61.658334 -123.135535 190.593658 70.501018 27.033866 229.235507 -18.714702 -18.813463 -30.725480 -129.337780 -33.307460 119.732068 2.084140 24.168396 54.499140 94.698888
25 -177.501535 -32.587517 -111.556032 -54.720487 -43.669576 -41.029245 -61.589829 -58.787397 153.173316 -23.301792 94.183686 -64.087984 30.801150 13.714796 140.827562 -140.906830 6.215114 -29.517862 -38.121938 19.850724 139.083408 38.482929 85.999627 -35.971459 191.017125
16 10.007828 -79.395292 -124.331002 -5.880445 0.668349 19.831039 103.954527 -34.608400 -133.802706 85.769377 -33.811854 -77.813722 17.305853 -59.552825 -48.447924 289.451134 41.968176 34.428030 38.449595 -20.828349 34.623785 22.733941 -49.108560 -52.832725 21.222135
16 -8.966491 -189.757813 -123.951759 -26.538092 -9.702653 -150.338875 58.108901 102.402307 -113.761890 61.125248 41.149613 -37.781567 183.524208 -110.219726 110.307440 215.464781 127.415791 -26.807793 -66.197013 -29.995381 36.585612 -66.858455 -15.774114 25.891928 14.675721
16 9.791578 -117.753795 -16.268101 87.556277 105.504042 -15.102274 28.869939 22.152012 -283.296549 185.398361 4.649983 -169.779786 85.332424 51.582536 -123.815936 259.205875 -82.678970 57.320762 -72.760302 -12.145565 48.426872 52.461491 -134.250087 -34.777185 64.376353
16 120.768162 -68.370492 -33.611427 195.453424 82.561962 -21.198710 32.593637 -181.593024 -184.951332 38.837218 49.717140 -4.608637 178.233033 -53.515273 -114.107658 196.482948 -67.342093 -10.739032 -147.790560 57.996851 1.441168 -68.714617 12.133977 -118.740484 109.063738
16 -78.048220 -178.072877 -107.126595 102.459073 -26.854362 -143.811197 11.679969 12.762115 -148.709117 222.231296 237.218964 -3.247294 -30.761897 75.359318 -20.591975 264.370010 78.422375 -62.744433 58.002929 33.541554 -8.995417 -85.445287 -109.584031 -73.299968 -18.755013
16 241.259013 -51.984960 -71.673372 172.881419 -75.283516 -185.848904 -78.798311 -133.116044 -144.017269 195.310353 63.077304 -35.400441 124.694019 -233.899872 134.429252 416.008433 -136.802170 3.662951 -252.899878 150.867189 -46.122291 -48.012720 -10.910169 -123.549738 126.129640
10 -28.180199 -60.328338 -8.780037 101.155915 76.624850 -9.922457 18.150736 -130.728955 -114.258722 214.778883 116.589773 -53.879045 107.261186 -10.955691 -97.833000 122.528141 -93.997403 -60.349063 -61.920904 -11.252710 28.957611 -76.980652 26.054744 0.587464 6.677830
16 5.636151 -57.301412 67.685785 71.732347 24.949251 -22.203953 -19.853479 11.566374 -159.535729 111.819354 82.015446 54.593892 150.148504 -42.460467 -40.149118 261.976738 -55.149660 -138.191055 -40.757372 -57.507812 -98.546763 -50.421488 -120.209909 54.414189 5.750159
16 76.048444 -167.555316 -84.144320 129.772789 75.589137 -149.985622 3.246713 -93.074597 -238.157041 263.475481 169.604824 -215.108414 98.507575 -30.483725 -180.651121 380.063483 -52.637954 85.764391 42.268197 67.365398 -14.420009 -88.012887 57.441918 -77.204967 -57.712442
16 32.730101 -34.009901 -1.844714 172.551090 164.896291 -19.847105 -52.638415 34.928997 -209.802333 -19.935393 -59.590451 37.545967 148.192477 -288.693254 -113.627340 281.122980 38.277838 -98.493860 37.639273 -15.141459 -25.018659 22.611532 -30.799067 48.732627 -49.787266
17 -50.006003 -122.881366 -67.097170 52.275997 -30.150265 -79.283193 124.637941 142.933146 54.663351 -135.579668 -77.577509 -38.618787 51.985495 -155.326437 53.907403 42.561224 267.950519 -51.639402 117.421704 -175.681251 -34.009938 32.851403 -60.114377 5.876297 130.900837
17 -158.205637 -101.151603 -126.162090 17.491615 -4.981124 -261.847897 -62.158385 22.730482 -44.964085 1.905419 -11.720165 -127.707493 -21.449300 -214.179044 19.165380 70.248628 308.311244 109.244341 221.669102 -114.372372 50.057843 214.809529 -14.190046 101.922319 125.533330
17 -54.657616 -31.789256 39.596592 -162.233250 -5.263708 -234.883406 113.257549 112.860183 -70.075342 -70.730265 -204.548497 38.151036 -45.547617 46.663495 9.084727 63.845062 246.663575 -88.242589 84.225733 -83.565120 172.448853 19.914953 2.678395 95.151493 6.994977
17 -10.270262 -254.061942 -19.069104 27.018157 117.139523 -125.310360 81.856742 149.570746 -16.046818 -62.881173 -15.581597 -91.720797 13.490275 -132.520007 37.008220 115.511495 446.331636 -24.444841 217.152528 -431.703893 76.543932 57.433691 -93.282665 -27.404441 -34.759092
17 -21.804663 -94.732645 -75.483381 10.446748 48.860869 -166.962955 -10.616833 105.287197 11.946370 -157.062633 -242.554770 -34.248867 104.344808 -147.834549 19.475574 2.727494 346.749064 -23.893427 15.441243 -55.117166 111.606587 120.504811 -57.358440 20.415422 169.864090
17 -59.922563 -65.910868 -82.578472 16.065543 -15.495404 -118.231979 17.071449 90.229222 41.955816 -194.137153 -90.598113 -15.163088 121.387067 -102.309200 -8.527213 74.598739 278.931898 41.840708 57.893128 -123.160256 13.605868 57.180313 50.449746 -3.859926 18.684701
17 18.670149 -257.245190 -44.030698 222.758708 171.739004 35.343302 61.328146 17.961459 108.939624 -35.576874 -76.406926 -195.469135 80.360481 -292.713413 -20.605127 45.622150 356.951648 -135.735262 10.808867 -194.674625 -53.809121 183.440206 -105.583034 -67.281368 165.206953
17 -64.645200 -311.996054 -11.607029 104.239225 -20.392229 -208.077897 39.039938 66.502579 117.509072 -5.393184 74.429201 -33.075627 -29.717954 -125.909038 -97.213334 80.330039 432.554127 44.686018 181.433189 -300.328771 92.697212 61.137609 -46.288282 -21.038064 -18.875609
17 -51.739810 -229.381325 -0.825935 5.506137 66.480000 -178.140044 5.831432 83.675664 57.154180 -11.383274 44.273192 -99.066991 -13.927280 -47.135374 -58.052960 52.126130 315.760808 24.914975 -13.975643 -119.326482 19.086303 93.579966 11.992947 57.597842 -15.024512
17 -34.939934 -80.031891 -55.762740 40.408613 53.310281 -61.878543 168.489991 -6.344980 -13.504452 -43.804352 -83.317811 -78.507085 -9.943460 -46.071117 5.051057 67.680405 226.902996 -73.162345 54.562304 -57.679140 -9.231468 38.741705 -34.160510 -38.496424 71.688856
18 -126.630236 -104.938169 -203.812357 -82.272792 -127.846316 -273.695914 23.465916 61.708783 129.887181 -89.451894 93.266153 -203.864095 -19.380087 -63.621318 59.017934 -52.931924 138.408760 295.997083 102.678471 -158.450263 98.966345 118.511736 293.491026 55.339148 36.156764
18 -50.568780 -173.115613 -199.387138 55.558182 -4.662591 -212.339935 -109.636851 50.776710 12.224579 83.048419 134.575936 -121.507193 -110.847085 70.091008 41.410792 87.924894 -34.836253 358.099027 41.076734 -66.469672 -23.892010 68.569470 256.604696 -130.737192 -21.960225
18 -79.191550 -111.058332 -197.729011 -119.986533 -53.677968 -48.411226 1.534253 -89.830450 17.939831 4.161260 145.275871 -76.717237 31.673066 -64.917233 -10.514289 206.536753 106.591489 256.643049 34.477490 -124.600208 -42.287017 136.151614 85.048469 4.531692 -11.643813
18 -30.693665 -92.070998 -167.600028 -74.568720 -165.681510 -249.861063 90.411354 88.352858 8.150306 -145.926210 -64.796186 -175.928612 -14.844063 112.136507 46.032383 -7.820628 41.403498 406.207386 145.555913 -146.135664 60.885068 37.742185 211.413395 95.729729 -8.093297
18 -72.190021 -77.889462 -210.695247 -12.926203 -145.184428 -205.201780 11.018486 80.548150 -43.854377 -48.371639 63.998313 -226.457207 15.320810 -16.146237 23.118688 28.429219 112.144190 338.087530 90.585671 -105.988691 38.326338 130.330182 138.312090 24.657912 70.027672
18 -48.589625 -111.364164 -160.519948 -23.848330 -127.903767 -171.472973 42.631347 -71.273658 -66.813951 99.309555 121.053083 -34.617180 -58.996225 76.377430 59.289721 156.218601 -78.573972 196.907771 29.119044 -22.207596 66.549967 -11.254281 188.742056 -27.172141 -21.590817
23 3.380587 -255.037748 -322.252975 70.534624 -94.558752 -315.177075 1.082443 163.443313 81.577860 -36.228442 1.459011 -164.025462 -127.152931 -100.641653 191.870372 -19.186819 82.126484 378.430487 105.867569 -126.016048 39.641957 -23.057598 385.055460 12.121839 66.743375
18 -11.087103 -139.259192 -117.317080 -17.203010 -57.486294 -246.485688 -173.211870 11.572114 90.233739 -0.508369 125.432000 -160.285668 -128.160766 -6.004821 145.390957 70.508794 157.608560 305.401014 121.817543 -120.266918 -18.109094 14.266361 200.850905 -116.175984 68.479803
18 -158.369650 -186.524302 -86.005200 -7.727022 -38.956347 -135.694972 101.222292 -95.751925 64.759295 93.451785 144.048833 -188.853511 -151.884379 133.887057 -74.780144 -133.987395 -17.198870 329.398254 194.444516 -329.849053 92.312953 208.551753 236.490542 -65.953151 72.968580
18 -161.883541 25.440499 -100.369255 -75.560875 -119.614404 -111.615523 -6.191416 -84.663160 36.928959 -93.569757 103.616082 -43.434126 -29.164730 124.967618 21.599699 -65.002918 -33.243795 187.670738 -14.292272 4.582773 115.410115 95.759369 130.215978 -3.602860 96.016787
19 -37.649591 -154.368736 -19.736418 71.478629 61.234669 -97.160141 -83.665264 -36.273126 71.235385 -13.651047 -27.033486 -66.064033 -79.181636 -125.483237 28.152421 -0.192212 -26.769053 115.351968 142.421250 58.847815 -14.781404 13.605119 141.783478 57.669375 20.229194
8 56.344013 -113.979372 -66.865015 -56.692877 -18.261019 -99.782829 -5.405900 201.811979 37.218075 -112.474175 10.847593 -0.502152 -49.298671 -37.771287 -29.195879 -56.075247 16.325935 -14.772868 142.764117 155.978991 -108.956195 60.384370 43.514689 84.352485 -39.508843
2 3.071944 160.208872 112.381280 54.012814 -71.950458 -16.434795 -36.514817 -84.900375 -118.000020 -131.131987 31.057229 58.506393 -97.525892 72.535163 -197.286267 50.057117 -138.703931 72.336310 124.326479 92.147585 -107.259315 41.591686 4.939769 101.650676 20.884556
19 -44.030560 -148.235959 -24.213586 -10.579499 -70.229776 -72.929938 76.286864 -0.182320 -47.022089 4.680805 52.436814 -25.851766 15.228375 13.448522 10.920586 2.170302 49.282508 50.347884 135.555588 -2.182950 27.419237 -35.727954 66.692766 -25.234411 1.950496
19 -97.712324 -175.518465 -113.688298 -29.625166 -61.534826 -174.072009 32.302489 -17.810203 23.509410 59.255536 53.355242 -5.927271 -3.625127 28.232114 53.807891 -131.666347 60.817434 30.455304 154.674313 -51.499393 72.017288 92.665380 109.821080 18.291758 73.474109
19 42.075482 -58.114706 -68.575716 -18.160985 25.195534 -103.007863 -64.754634 74.755490 -52.071150 5.869511 15.774965 7.164737 47.493277 -17.309093 29.742979 -6.771630 32.444500 -153.943082 261.409985 150.286454 -84.431170 14.930635 33.794089 -65.927969 -47.869753
19 -53.418830 -35.477372 92.511128 95.697796 4.334532 20.757811 9.432467 -32.633247 -77.885714 27.744716 -111.387926 25.024129 -15.561038 85.187673 28.931530 -45.813123 -89.391944 -84.899629 216.408411 96.813802 -57.820758 57.577678 -41.394968 24.091490 -138.828676
12 -6.476709 -104.645007 -98.385257 84.389595 -47.514839 -32.577718 4.132768 -66.635725 36.322005 -33.430785 -7.480099 219.815816 -63.336004 15.009322 121.991737 -57.853391 -60.394356 -49.107301 60.183909 116.767296 96.227804 -82.425021 57.446577 -17.193241 -84.831458
19 72.463853 -142.176293 75.405208 33.371202 77.696652 -171.163729 -100.824685 95.484207 52.842488 -13.686586 -160.845530 -205.407654 -4.066236 -104.229604 -36.547266 -44.172611 81.956973 46.001850 326.774982 62.565954 -92.710288 -11.767925 98.907331 38.732317 25.395284
19 -47.096670 -139.792603 -142.013376 64.098204 -80.205128 -108.157768 -11.578738 -5.784488 -74.018041 31.294389 175.911412 -69.867290 -5.034030 -30.019367 -62.857154 -68.411157 -34.332323 60.372246 183.598318 -17.266016 58.990660 182.898149 117.088641 -11.560707 33.742760
12 -21.598970 20.221505 50.836348 -21.832539 -6.634460 -128.343532 -92.061498 35.735072 -65.685299 -37.371554 -42.877715 183.735220 136.049734 -51.422161 -18.952468 87.043682 -6.017708 -108.941797 111.430676 -33.117449 -64.639575 21.765067 25.310123 55.901408 -28.532158
13 -26.139555 29.248217 -12.521677 -49.923054 -154.218090 -95.483194 -18.617573 -95.057982 4.838090 -12.514854 -122.305758 122.743264 172.321804 20.205257 79.491251 37.352078 -78.101857 -48.295542 -28.917202 -26.768520 25.327778 9.597290 78.814329 94.094284 94.831187
19 51.825075 -177.904276 -17.245391 70.243745 75.222506 -156.252223 42.587627 52.668546 -87.092386 76.229754 7.025913 -173.693447 -101.340667 -25.483681 24.585862 -69.026699 -5.015687 17.585667 200.206689 111.432707 -22.314642 6.551933 118.349101 -30.129676 10.983532
20 98.047987 224.178202 21.346344 -55.278317 8.191943 -20.463558 -18.946812 -101.421360 -135.314000 -16.798313 -51.530230 -31.809555 166.458094 89.877970 -26.006825 30.338591 -89.593959 -74.670662 -67.672673 237.456511 -61.979806 -71.654327 11.764973 -113.680353 49.160059
20 34.773926 96.143056 -61.284432 -86.224902 -54.171533 -57.664392 44.129962 -28.646709 -148.348255 -79.885717 -81.922068 111.166849 70.689666 -70.710540 61.426313 146.010963 -110.214854 -133.978028 75.656521 185.060479 -4.503185 -26.523621 9.844413 91.614816 17.561214
20 151.158803 -23.448669 1.427125 17.238034 30.745157 -192.225610 -59.101530 -23.189926 -154.040658 12.195738 -74.190399 -83.885303 197.750355 -104.472003 18.638130 128.200866 50.131094 -31.571698 1.147286 253.137568 -40.675647 -31.773124 -38.343715 -14.663747 9.811793
20 104.924748 115.249606 88.214872 11.412547 -26.772234 0.323593 -12.468151 13.826123 -25.168611 -33.526567 -153.964487 -29.144265 111.507919 -137.945414 62.925204 20.858113 -91.726654 -165.900263 8.344570 162.645157 -60.146524 -45.604117 -46.665168 45.122991 83.676964
20 75.400382 -75.898589 1.877022 121.795634 -46.246124 100.293659 146.657096 25.694706 -246.882152 -4.314817 -205.854111 -71.631335 114.057940 -45.733264 -10.356758 1.978607 -93.607607 -23.330467 35.467662 195.238210 -5.104540 40.833714 -74.742531 78.836896 -34.429300
20 37.743942 186.600867 -88.156292 60.621313 7.932776 -6.907956 54.519710 47.223972 23.322353 -206.494073 -89.163010 -37.070666 28.333985 6.713438 -31.680967 -42.203680 -101.580775 -56.847192 85.431896 219.061562 -104.694324 -131.999267 137.077460 -47.638122 49.852990
20 315.841153 334.375419 22.812078 136.477826 132.854677 173.444843 -118.607714 -116.125505 -26.235320 -136.961527 -52.968848 -363.348668 179.725685 -160.301965 -38.351754 -38.205511 -38.954608 -321.667331 -103.250075 341.963636 -132.418307 -56.476805 38.447631 -174.740903 202.671800
21 41.996742 -135.887432 -35.019969 -40.798643 -18.611807 -114.387076 72.415077 27.598863 -31.330407 30.333748 22.893877 -55.130713 20.854153 30.519408 -40.650400 22.364296 39.409701 -9.544098 119.123128 0.445331 138.073360 -70.580584 65.226468 -62.078133 -17.234975
21 -33.308794 -68.493505 22.655358 -3.470519 16.965746 116.804181 168.762763 -100.737120 -156.160142 198.383427 -146.695477 -32.096550 75.953282 131.921640 51.810452 61.673812 -98.334068 -143.416136 -65.510882 100.905874 250.260904 -122.687091 -89.957978 -100.093587 -35.135688
21 14.804869 36.773551 -71.832824 -151.701997 70.383081 -4.394449 92.793257 -24.551490 -78.915338 101.308795 -42.653965 -154.174497 26.755027 53.727448 -64.309295 38.243585 -98.982428 88.532964 1.511364 -63.288553 140.333199 -75.697119 85.112712 2.197520 78.024533
21 -21.584090 -140.249951 14.521860 -65.325082 -135.295104 -18.010200 128.657942 -51.370278 -82.646588 -41.836860 -54.661945 18.109615 18.772382 146.723539 87.546470 -48.145625 -17.754728 64.863260 38.653729 -58.837280 227.258928 -44.449862 30.132616 21.905049 -16.977857
23 86.897300 9.684509 -138.233647 -150.258039 -123.458652 -13.714766 67.246469 13.686107 -54.913191 -219.491967 -140.255156 -101.891716 164.071317 127.238746 124.907799 -6.871122 -23.499424 73.641591 -78.548951 18.827957 126.036567 53.677555 165.479723 12.576637 7.164332
21 30.955288 -80.791537 14.822508 -16.880202 40.077394 -93.996661 177.422026 -58.944004 46.230055 126.665220 -24.642538 -173.433621 18.370894 145.670621 -84.937499 -176.252484 -89.507779 -95.334980 5.697076 -60.913006 234.889990 -87.205108 106.547042 -61.245510 156.736719
21 -36.459243 -3.150275 83.750722 -92.252488 10.717878 37.824143 41.097003 -29.881724 -30.856123 86.082199 -76.435590 -58.306762 70.604629 66.284261 96.073135 -20.390385 -3.716586 -87.711838 -62.666278 -21.674323 169.302676 -67.901630 -34.757690 -71.407655 35.831862
14 -183.732435 4.500423 -87.086854 6.041721 -115.973701 31.780736 -13.597566 -78.888556 -74.957599 -59.223322 78.834053 -53.110005 91.326523 225.705370 4.157059 -80.568727 -93.591988 45.796637 -79.743096 -44.149798 139.015786 172.387964 137.478685 -33.300703 60.899358
21 -4.026819 -95.766948 -114.140475 -95.726363 -12.606302 -68.025177 168.664238 -40.819764 -20.045108 59.548134 -13.736310 -132.172075 22.323600 94.504368 -15.424353 35.705898 -32.565641 -10.888936 0.812236 38.425885 309.823264 -80.245965 40.514500 -50.418824 16.286819
21 16.004428 -203.769794 -128.078886 -51.953060 -17.944951 -176.631347 212.936947 -22.044523 -92.357188 121.859338 -88.914582 -213.154231 -44.377996 116.011599 15.040612 51.336963 45.496815 54.970619 81.484255 75.240667 431.000309 -194.015772 74.272014 -110.132406 47.720045
2 108.966867 308.625192 -30.225719 7.663986 197.089465 132.817259 138.549404 -25.856418 -99.616562 -282.851211 -215.307127 -162.744921 105.824447 -56.189413 34.596686 -48.069925 -183.592412 -108.146202 -15.313928 140.105890 -162.035968 43.788242 53.153866 23.634764 95.133686
19 -110.994244 88.743509 20.985923 -16.424011 58.347922 1.384330 67.269961 72.890382 -40.295957 -117.291281 -19.480701 111.788099 45.859583 6.459034 -43.952612 -188.898170 -142.509291 -148.092559 228.996599 39.909092 -13.133798 66.877921 -77.580150 53.091559 56.048781
22 -28.277847 -44.955840 -216.298543 -69.697648 73.025761 16.966150 -102.552626 127.087998 265.880594 -210.637959 -106.747360 -56.150918 92.656853 -317.019417 -80.164322 -34.552399 132.225194 -18.098373 189.743626 -94.271983 6.276157 336.605140 123.017674 -27.706354 43.646378
22 -63.048698 -15.584308 -63.757654 87.819453 -58.605773 183.106799 46.738871 33.555770 14.720298 -62.168889 31.638559 -204.253387 56.448900 -34.363521 -130.629688 47.537671 -71.901243 113.376651 -50.814556 -100.958665 -42.837152 249.524537 89.408109 -62.415779 7.463700
22 -77.344529 74.994138 -121.053359 -143.258458 -149.916230 -40.835083 14.720484 46.689649 108.145217 -253.204856 -133.439802 -1.757643 150.472298 -32.245206 -21.717767 -34.564066 -47.728933 -32.493967 27.255664 15.598160 97.790839 203.055072 128.347648 94.922948 127.567767
22 -188.761852 -15.533810 -127.778783 -18.902846 29.169380 54.484695 -33.506090 -47.596846 16.277146 -123.069931 100.656060 -38.704336 93.706914 4.507372 23.716885 35.425266 -117.093210 -14.270665 -9.909219 -56.950896 72.937691 264.067871 6.401972 -35.892585 126.619790
19 -89.545147 -107.420154 151.264775 -2.135911 53.039282 -140.249707 84.178580 12.156836 9.101193 23.222480 -62.908270 18.366265 37.203155 -25.232137 -4.151081 -217.221024 40.911842 -19.482581 155.057039 -120.470881 31.413089 117.503371 -4.246770 42.012065 17.633613
22 -69.774068 -76.368510 184.976945 -140.245775 72.195322 -331.342695 -287.450657 28.127756 58.418014 54.967498 3.810386 -155.509632 95.157970 -73.788578 13.836217 110.361032 142.912596 149.151675 -210.713515 -80.032526 -86.622968 408.369890 84.248812 120.810221 -15.495480
22 -192.363271 -70.541127 -68.680161 -81.245794 -116.262373 26.337118 -104.157530 26.723951 13.553484 -114.220499 91.565473 -0.832099 157.969667 70.163362 42.356677 -17.299187 96.348911 49.553866 -116.474438 -94.655392 -2.293966 273.702585 100.595007 -4.932419 35.088131
4 -82.113711 42.747213 -126.716773 128.029513 33.026763 23.933635 62.299796 28.235693 68.800187 -165.472627 103.921325 -19.114294 -8.497190 38.949490 41.194192 -114.594060 -93.106915 -80.319367 25.921251 -14.561034 -61.211570 77.435300 1.706842 -14.603433 104.109696
21 -16.640531 -44.316895 -170.878691 -140.500528 -62.139635 38.534985 -86.163048 -63.200067 -20.941165 -86.201070 -90.263027 3.495284 41.451533 65.018240 12.029130 30.355451 -37.699585 108.818715 1.552494 5.103586 165.691128 157.276580 140.958971 18.398011 30.260109
23 -2.199903 1.101149 -15.802956 46.230707 108.514142 -163.032216 7.782407 -3.794342 56.885976 -119.797193 -222.746567 74.552159 57.223216 -4.803171 -67.297919 -75.714634 -55.320280 -64.515309 137.727624 -0.724760 52.292670 -43.706099 167.868840 52.000068 77.276307
19 -102.842591 -170.400012 62.467302 24.738208 13.728048 -163.523981 -18.160240 -27.815725 -56.239564 77.782735 68.246024 -87.429197 -42.771021 0.965541 -55.906363 56.974460 -23.893101 125.161350 187.288590 -46.700157 -16.869114 22.625806 150.246823 -2.133928 24.460031
23 -106.876227 -25.104256 -74.341743 -99.641383 41.045814 -80.305987 95.077520 58.808552 174.615425 -190.137479 -123.090568 -60.508940 -61.379342 63.380777 33.592150 -179.984094 64.341881 16.161271 82.993241 -4.411914 97.295656 0.423022 223.446680 -20.028173 74.628046
23 -18.900223 -100.597749 -15.838837 -44.833004 -61.540182 -182.663227 42.055630 -21.729700 -32.021502 28.653129 2.499019 26.029209 -39.489501 96.513290 -16.643358 34.875515 -90.064545 57.866165 115.222585 13.698820 63.528494 -106.801848 231.843158 1.625918 16.712671
23 -116.803576 -101.319227 -83.877347 -102.552785 -98.240596 -131.911423 36.652542 25.436437 133.469355 3.735619 -15.042817 67.870019 8.792235 92.990316 79.291244 -12.140868 -52.460566 -72.338284 66.621231 14.920619 132.615066 -86.775801 238.361540 -68.972871 41.679842
23 -132.587160 -89.347788 -158.504599 -34.328503 -25.969091 -157.169617 -39.808403 -13.656811 148.982520 -136.688932 110.690749 -36.242551 -84.764212 -12.445882 101.854479 -162.355641 82.960425 81.231624 83.921120 35.152792 16.537223 73.410638 208.233842 -12.526052 153.419741
23 -8.316894 -66.192029 -125.611164 4.545324 -200.142992 -224.449162 47.018245 -23.026055 76.148081 -147.211647 -57.569947 11.458129 -221.358139 -38.125073 157.586518 -54.266918 -118.856518 135.601890 247.599914 105.697773 80.043079 -41.157803 347.648475 31.757171 81.179643
19 16.204016 -116.710501 -54.125575 -3.143087 -36.540253 -233.793329 61.359213 24.759035 13.081088 -107.850024 -103.438460 -99.528671 -32.816578 5.911473 98.082249 -65.665638 -2.315649 120.959363 223.191104 0.001712 77.794859 32.555601 218.582147 16.778432 -53.332593
8 27.874009 -65.931713 -66.994434 -38.320176 -103.684195 15.242992 115.913792 152.507975 26.714409 -119.281223 -107.477926 35.035022 24.139376 -57.549415 31.119864 -3.022099 -21.392831 -154.629699 106.408366 124.856672 -39.733380 -101.215961 78.359121 59.628412 81.432971
24 -118.449695 23.501052 134.254296 -99.038097 70.694796 -59.071954 128.354770 208.354889 -105.889922 -139.957417 -259.237083 47.435201 84.454914 -101.786855 -75.725529 -45.172263 19.403386 -106.239246 173.149988 -112.019734 -32.606270 -2.257051 -33.593470 353.429008 48.012229
25 -193.759218 -66.844320 125.621575 61.677224 53.326947 -120.569796 0.605190 105.633948 -51.323051 69.368093 -105.381760 -130.121717 76.571632 -5.531422 -59.653962 -10.866503 -79.936265 -53.890276 -92.073959 -87.472960 87.221095 -11.853943 -134.043885 281.089266 342.207992
5 124.283064 177.113956 17.399549 -62.718015 203.299500 9.426167 27.593160 99.789324 -64.455886 -199.942216 -133.783077 -135.848884 107.517180 -118.378226 -24.133232 -17.370821 33.960471 -98.232180 55.871829 -106.746903 -158.615127 -36.709390 29.776455 156.151146 114.752129
24 -45.903894 7.476097 82.267854 -58.926567 47.904969 7.366361 95.569493 128.286336 -103.988405 -108.691429 -205.368810 -6.739386 147.978747 -137.750290 30.006670 -167.189653 -112.038685 -137.553422 168.122706 120.068326 -55.898976 -28.960286 -9.936268 244.384738 99.513705
24 28.891695 29.820922 84.769303 87.244764 -132.466040 64.832678 -19.104935 60.349154 74.698829 -35.597925 -87.592012 13.859502 143.906207 -39.055886 -185.290916 -7.840831 -148.857163 -41.477787 15.689960 -18.616069 34.789888 -55.750663 -49.255350 245.487120 -63.434471
24 -290.260602 37.544061 146.385597 -94.882922 243.329554 17.768310 -48.100273 -7.095329 -135.805077 -33.896270 -129.488913 23.495694 35.750907 -92.311055 -37.762728 -92.061439 -173.596922 5.395174 150.176261 -15.497293 -30.003831 38.214531 -32.569508 319.399339 195.872697
24 -25.685162 -44.860291 134.226335 12.076583 -40.320969 -88.151977 40.140466 46.171823 -88.816815 34.154683 -95.160941 -16.632079 40.623052 -154.378974 -37.593286 61.822677 -71.084069 -22.076611 80.798870 60.175303 -4.967003 24.386223 -126.053309 241.391717 39.813693
24 -38.557867 -57.922609 20.616591 -74.968820 54.669553 -19.268221 14.655678 9.747145 -94.912549 26.211613 -32.976330 44.019783 134.403433 -198.949653 -47.835941 68.030944 -118.701342 -43.973695 -52.378644 15.218518 65.289739 25.761442 -12.912368 204.483795 110.249768
24 -56.999617 -92.476781 115.784307 9.831320 123.815744 24.225385 -47.028306 175.290275 -41.657071 -99.635709 -87.393083 -45.971532 91.979892 -309.174459 -123.987373 28.719065 -98.716974 -47.534809 113.535415 -16.268436 -51.782768 98.807308 -49.956488 302.721643 83.873009
24 -65.969262 -92.732388 75.379138 -20.569675 7.359205 -31.279440 -57.191764 80.621590 -53.957013 24.071452 -71.553031 56.668461 164.709300 -221.976960 36.056829 56.709418 -109.513349 -61.769718 -33.913932 -55.884226 -4.613964 29.524301 -31.609164 264.938194 116.495962
25 -72.514306 -78.173247 -40.663835 24.500253 -29.455307 -214.763762 -5.028453 -35.919051 5.804944 45.115257 -114.442880 120.334713 55.077076 -38.353260 62.476014 -13.075079 -80.021910 -13.145369 116.083266 -43.310515 119.342668 -133.537286 171.917727 -13.375235 205.127452
25 -0.903992 -37.844892 -31.504929 -43.425920 13.307129 9.371683 131.181523 0.315674 58.472997 -16.280118 97.957635 -37.940659 19.051582 -62.335447 -32.184778 7.311370 -26.249247 -137.847451 -52.385911 -46.749703 24.036909 -30.717114 19.673066 28.255098 147.435435
25 75.473172 105.031144 -40.009424 56.493155 -78.217361 15.965153 286.504562 -28.459908 7.105952 -81.056518 -96.417720 -23.155302 4.565754 40.431624 31.708404 -24.382546 -76.514792 -158.890066 -25.074503 -8.832072 60.101020 -278.756584 8.464270 -69.630867 297.553368
4 -58.982653 -79.741667 85.641698 187.093816 48.881331 96.969916 89.312032 -73.458995 -29.825593 122.914110 27.966143 51.630158 48.617671 -111.011120 -83.961559 -41.283071 -198.103263 -60.821283 -65.494459 -43.570634 44.686963 -8.227361 -61.851125 45.805787 66.813106
25 -64.306399 111.399170 -2.723715 -182.723437 145.511270 -131.712296 50.861373 0.190340 35.450362 -21.975130 74.419955 32.402679 22.860945 -76.753026 -20.864100 37.369849 -39.150132 -233.387378 70.052413 -19.044431 25.275117 -93.286422 129.284768 -11.473307 162.321467
24 5.595758 69.380674 101.185757 -151.170908 23.913511 15.131709 -2.205223 97.737778 7.512989 1.094268 119.174903 -85.600251 75.552782 -179.167512 41.420905 26.314143 -78.485508 -238.772490 0.867092 -54.363599 -87.667512 -27.322304 -6.695847 163.986252 162.582563
8 -38.368871 49.789489 31.292707 -203.877849 103.404487 64.589528 262.873391 281.165258 41.043327 -281.814418 -68.978791 -150.658077 57.912568 -37.598337 -103.387442 -123.201722 -59.459016 -199.096255 59.245887 -0.194836 -19.381527 -66.692289 84.635331 89.435973 227.321422
25 35.749128 77.769972 -114.884017 -121.595613 126.158939 -62.663404 40.447022 -46.032331 78.204971 32.937380 -100.858637 136.601281 69.782404 -68.717763 113.794175 -62.273012 -148.722089 -251.110454 73.525858 38.095463 106.936551 -207.873614 93.804023 18.256222 142.667447
25 -106.027472 -62.264544 -2.186838 97.123493 56.869717 -43.470037 37.656545 73.852116 -136.648336 -40.629725 51.378960 27.618113 42.444671 -94.090226 -3.839002 107.687922 -52.032999 -45.683739 4.616286 61.679021 -44.897701 46.359936 -41.438976 -58.961721 124.884453
25 -17.436998 -74.194835 50.585808 57.629713 3.978402 146.071102 29.995374 -1.263938 -49.769193 -20.378603 19.945682 -68.277587 100.556762 -91.992721 24.222953 13.656368 -29.464235 -9.779590 -66.616448 -65.823338 46.347752 31.159746 -125.453407 -60.707825 157.009007
